Date,Symbol,Expiry,Open,High,Low,Close,Settle Price,FUT_VOLUME,Number of Contracts,Open Interest,Change in OI
2024-12-12,NATIONALUM,2024-12-26,251.39,251.8,229.38,231.86,231.86,94380000,25168.0,68902500,15536250
2024-12-11,NATIONALUM,2024-12-26,251.45,255.84,248.95,249.79,249.79,21765000,5804.0,53366250,1211250
2024-12-10,NATIONALUM,2024-12-26,253.03,256.58,248.91,251.33,251.33,19136250,5103.0,52155000,1196250
2024-12-09,NATIONALUM,2024-12-26,248.3,253.45,245.4,252.09,252.09,25222500,6726.0,50958750,-273750
2024-12-06,NATIONALUM,2024-12-26,248.92,253.4,246.74,249.56,249.56,26977500,7194.0,51232500,2831250
2024-12-05,NATIONALUM,2024-12-26,245.83,252.64,245.6,249.31,249.31,23118750,6165.0,48401250,206250
2024-12-04,NATIONALUM,2024-12-26,248.5,251.19,244.85,245.91,245.91,17115000,4564.0,48195000,-1462500
2024-12-03,NATIONALUM,2024-12-26,243.2,249.5,242.59,248.1,248.1,23238750,6197.0,49657500,-438750
2024-12-02,NATIONALUM,2024-12-26,243.44,247.35,241.6,244.79,244.79,13391250,3571.0,50096250,0
2024-11-29,NATIONALUM,2024-12-26,245.59,247.29,241.4,243.76,243.76,23085000,6156.0,50096250,776250
2024-11-28,NATIONALUM,2024-11-28,247.15,251.89,245.51,249.02,249.0,17373750,4633.0,10200000,-4140000
2024-11-27,NATIONALUM,2024-11-28,247.28,248.4,243.2,245.67,245.67,23381250,6235.0,14340000,-9705000
2024-11-26,NATIONALUM,2024-11-28,251.94,256.74,247.0,248.83,248.83,48206250,12855.0,24045000,-17047500
2024-11-25,NATIONALUM,2024-11-28,260.0,261.89,246.2,251.1,251.1,9337500,2490.0,41092500,-7046250
2024-11-22,NATIONALUM,2024-11-28,249.99,259.0,248.9,255.9,255.9,6525000,1740.0,48138750,-5947500
2024-11-21,NATIONALUM,2024-11-28,239.5,253.45,239.22,248.18,248.18,63258750,16869.0,54086250,-795000
2024-11-19,NATIONALUM,2024-11-28,241.0,245.5,237.41,240.0,240.0,38430000,10248.0,54881250,-5186250
2024-11-18,NATIONALUM,2024-11-28,225.15,247.9,223.67,239.68,239.68,124256250,33135.0,60067500,-5122500
2024-11-14,NATIONALUM,2024-11-28,227.5,230.85,219.5,220.05,220.05,59895000,15972.0,65190000,-7323750
2024-11-13,NATIONALUM,2024-11-28,222.08,226.0,217.33,218.49,218.49,23835000,6356.0,72513750,2242500
2024-11-12,NATIONALUM,2024-11-28,235.0,236.4,222.52,224.61,224.61,32070000,8552.0,70271250,-817500
2024-11-11,NATIONALUM,2024-11-28,235.05,236.7,229.28,231.96,231.96,24180000,6448.0,71088750,-1136250
2024-11-08,NATIONALUM,2024-11-28,243.1,247.99,236.5,238.96,238.96,39078750,10421.0,72225000,-1230000
2024-11-07,NATIONALUM,2024-11-28,246.5,246.5,236.47,238.68,238.68,24810000,6616.0,73455000,1162500
2024-11-06,NATIONALUM,2024-11-28,236.5,246.25,228.45,244.77,244.77,53306250,14215.0,72292500,873750
2024-11-05,NATIONALUM,2024-11-28,230.5,237.65,228.5,235.46,235.46,41358750,11029.0,71418750,10192500
2024-11-04,NATIONALUM,2024-11-28,228.55,232.48,222.8,231.05,231.05,21416250,5711.0,61226250,671250
2024-11-01,NATIONALUM,2024-11-28,228.15,230.64,227.98,229.18,229.18,3701250,987.0,60555000,315000
2024-10-31,NATIONALUM,2024-10-31,224.66,227.98,221.03,226.59,227.3,20970000,5592.0,12521250,-12172500
2024-10-30,NATIONALUM,2024-10-31,227.35,231.45,225.24,227.34,227.34,25650000,6840.0,24693750,-13320000
2024-10-29,NATIONALUM,2024-10-31,223.99,229.37,219.58,228.16,228.16,30795000,8212.0,38013750,-10158750
2024-10-28,NATIONALUM,2024-10-31,218.25,227.16,218.25,223.7,223.7,29268750,7805.0,48172500,-10342500
2024-10-25,NATIONALUM,2024-10-31,225.62,225.62,209.3,219.0,219.0,29538750,7877.0,58515000,-3052500
2024-10-24,NATIONALUM,2024-10-31,226.47,228.46,221.1,226.57,226.57,20325000,5420.0,61567500,-1488750
2024-10-23,NATIONALUM,2024-10-31,221.41,229.5,220.63,224.82,224.82,16863750,4497.0,63056250,-90000
2024-10-22,NATIONALUM,2024-10-31,234.9,235.0,220.5,221.41,221.41,35805000,9548.0,63146250,-2336250
2024-10-21,NATIONALUM,2024-10-31,234.4,235.39,228.4,230.46,230.46,3566250,951.0,65482500,-2493750
2024-10-18,NATIONALUM,2024-10-31,223.62,233.2,219.05,232.51,232.51,4987500,1330.0,67976250,-2606250
2024-10-17,NATIONALUM,2024-10-31,223.25,229.9,223.25,225.51,225.51,7845000,2092.0,70582500,-6450000
2024-10-16,NATIONALUM,2024-10-31,217.54,221.85,217.0,218.32,218.32,693750,185.0,77032500,-693750
2024-10-15,NATIONALUM,2024-10-31,228.88,228.88,217.0,219.22,219.22,5085000,1356.0,77726250,-5085000
2024-10-14,NATIONALUM,2024-10-31,225.7,232.9,225.55,227.0,227.0,50940000,13584.0,82811250,-191250
2024-10-11,NATIONALUM,2024-10-31,216.16,224.8,216.16,223.84,223.84,39727500,10594.0,83002500,2643750
2024-10-10,NATIONALUM,2024-10-31,216.89,221.29,212.41,214.16,214.16,22121250,5899.0,80358750,1346250
2024-10-09,NATIONALUM,2024-10-31,210.8,217.0,205.15,215.41,215.41,43012500,11470.0,79012500,3592500
2024-10-08,NATIONALUM,2024-10-31,211.55,217.43,202.69,214.17,214.17,35943750,9585.0,75420000,2287500
2024-10-07,NATIONALUM,2024-10-31,222.0,224.43,213.45,216.25,216.25,27221250,7259.0,73132500,-525000
2024-10-04,NATIONALUM,2024-10-31,221.99,223.82,215.26,221.31,221.31,30120000,8032.0,73657500,-810000
2024-10-03,NATIONALUM,2024-10-31,223.3,227.83,218.79,224.16,224.16,40316250,10751.0,74467500,-1916250
2024-10-01,NATIONALUM,2024-10-31,214.49,229.08,214.02,226.01,226.01,76638750,20437.0,76383750,5591250
2024-09-30,NATIONALUM,2024-10-31,212.1,216.5,208.26,212.2,212.2,42026250,11207.0,70792500,326250
2024-09-27,NATIONALUM,2024-10-31,206.25,213.58,205.25,209.03,209.03,45367500,12098.0,70466250,-1905000
2024-09-26,NATIONALUM,2024-09-26,194.31,204.37,192.35,203.25,203.01,24131250,6435.0,3041250,-11358750
2024-09-25,NATIONALUM,2024-09-26,194.0,199.76,193.05,195.38,195.38,73672500,19646.0,14400000,-46496250
2024-09-24,NATIONALUM,2024-09-26,183.99,192.25,183.99,191.4,191.4,17640000,4704.0,60896250,-11752500
2024-09-23,NATIONALUM,2024-09-26,182.8,182.8,179.16,180.08,180.08,8433750,2249.0,72648750,-8250000
2024-09-20,NATIONALUM,2024-09-26,181.9,184.7,181.5,183.79,183.79,6678750,1781.0,80898750,-5857500
2024-09-19,NATIONALUM,2024-09-26,185.94,186.08,174.36,180.78,180.78,45262500,12070.0,86756250,-1582500
2024-09-18,NATIONALUM,2024-09-26,185.02,185.02,180.37,183.79,183.79,20583750,5489.0,88338750,-3461250
2024-09-17,NATIONALUM,2024-09-26,188.8,190.14,184.66,184.93,184.93,26557500,7082.0,91800000,-258750
2024-09-16,NATIONALUM,2024-09-26,181.37,188.9,181.35,187.96,187.96,38613750,10297.0,92058750,5640000
2024-09-13,NATIONALUM,2024-09-26,179.5,183.99,178.67,180.76,180.76,23782500,6342.0,86418750,-937500
2024-09-12,NATIONALUM,2024-09-26,172.05,178.57,170.89,178.11,178.11,29388750,7837.0,87356250,581250
2024-09-11,NATIONALUM,2024-09-26,173.67,175.0,168.95,169.95,169.95,12266250,3271.0,86775000,-345000
2024-09-10,NATIONALUM,2024-09-26,171.05,176.0,170.12,174.23,174.23,22222500,5926.0,87120000,3311250
2024-09-09,NATIONALUM,2024-09-26,170.82,171.23,166.38,170.02,170.02,18701250,4987.0,83808750,1608750
2024-09-06,NATIONALUM,2024-09-26,174.86,175.73,171.25,172.68,172.68,15348750,4093.0,82200000,-172500
2024-09-05,NATIONALUM,2024-09-26,175.01,177.2,174.77,175.27,175.27,9858750,2629.0,82372500,1207500
2024-09-04,NATIONALUM,2024-09-26,174.98,175.63,172.0,173.73,173.73,17310000,4616.0,81165000,3210000
2024-09-03,NATIONALUM,2024-09-26,177.65,179.06,176.62,177.17,177.17,8988750,2397.0,77955000,750000
2024-09-02,NATIONALUM,2024-09-26,181.92,182.09,176.8,177.48,177.48,14343750,3825.0,77205000,1267500
2024-08-30,NATIONALUM,2024-09-26,182.6,184.2,181.42,181.92,181.92,19773750,5273.0,75937500,3648750
2024-08-29,NATIONALUM,2024-09-26,182.5,182.62,178.5,181.96,181.96,35411250,9443.0,72288750,9401250
2024-08-28,NATIONALUM,2024-08-29,185.21,186.79,182.9,184.7,184.7,17662500,4710.0,12555000,-8677500
2024-08-27,NATIONALUM,2024-08-29,182.75,187.06,181.62,185.65,185.65,57802500,15414.0,21232500,-31736250
2024-08-26,NATIONALUM,2024-08-29,175.07,182.15,175.0,181.84,181.84,12817500,3418.0,52968750,-6705000
2024-08-23,NATIONALUM,2024-08-29,171.2,173.48,169.78,172.99,172.99,1732500,462.0,59673750,-1728750
2024-08-22,NATIONALUM,2024-08-29,171.26,172.25,170.26,171.97,171.97,1113750,297.0,61402500,-1035000
2024-08-21,NATIONALUM,2024-08-29,171.25,172.9,169.82,171.76,171.76,2283750,609.0,62437500,-2257500
2024-08-20,NATIONALUM,2024-08-29,174.3,174.95,168.87,172.45,172.45,47973750,12793.0,64695000,-847500
2024-08-19,NATIONALUM,2024-08-29,167.94,172.8,165.3,171.94,171.94,40173750,10713.0,65542500,2377500
2024-08-16,NATIONALUM,2024-08-29,167.5,171.56,164.79,165.71,165.71,38040000,10144.0,63165000,1132500
2024-08-14,NATIONALUM,2024-08-29,171.01,172.95,163.75,165.69,165.69,50820000,13552.0,62032500,-675000
2024-08-13,NATIONALUM,2024-08-29,175.22,175.88,169.24,169.82,169.82,23988750,6397.0,62707500,-3547500
2024-08-12,NATIONALUM,2024-08-29,177.0,178.45,169.6,174.88,174.88,75825000,20220.0,66255000,8696250
2024-08-09,NATIONALUM,2024-08-29,175.76,179.34,173.6,178.13,178.13,26685000,7116.0,57558750,2640000
2024-08-08,NATIONALUM,2024-08-29,180.18,180.18,173.06,173.33,173.33,19143750,5105.0,54918750,1983750
2024-08-07,NATIONALUM,2024-08-29,177.4,181.36,175.54,180.21,180.21,19188750,5117.0,52935000,-1098750
2024-08-06,NATIONALUM,2024-08-29,176.55,179.15,172.21,173.0,173.0,14756250,3935.0,54033750,-911250
2024-08-05,NATIONALUM,2024-08-29,180.0,180.52,171.61,173.85,173.85,28575000,7620.0,54945000,-922500
2024-08-02,NATIONALUM,2024-08-29,189.4,190.25,184.5,185.39,185.39,29047500,7746.0,55867500,386250
2024-08-01,NATIONALUM,2024-08-29,197.25,201.78,191.38,193.74,193.74,44340000,11824.0,55481250,2857500
2024-07-31,NATIONALUM,2024-08-29,192.4,196.14,191.1,195.3,195.3,21423750,5713.0,52623750,2351250
2024-07-30,NATIONALUM,2024-08-29,190.66,193.75,189.58,192.46,192.46,12172500,3246.0,50272500,405000
2024-07-29,NATIONALUM,2024-08-29,191.26,194.79,190.05,192.62,192.62,16571250,4419.0,49867500,-1605000
2024-07-26,NATIONALUM,2024-08-29,185.5,192.0,185.5,190.52,190.52,22192500,5918.0,51472500,-1871250
2024-07-25,NATIONALUM,2024-08-29,184.0,186.0,182.4,185.28,185.28,31957500,8522.0,53343750,13076250
2024-07-24,NATIONALUM,2024-07-25,183.79,188.38,183.34,186.51,186.51,26895000,7172.0,13721250,-18540000
2024-07-23,NATIONALUM,2024-07-25,189.99,190.89,174.32,184.89,184.89,37578750,10021.0,32261250,-10301250
2024-07-22,NATIONALUM,2024-07-25,183.0,193.77,182.53,191.02,191.02,35178750,9381.0,42562500,-11025000
2024-07-19,NATIONALUM,2024-07-25,191.0,191.0,183.6,185.92,185.92,28593750,7625.0,53587500,-4117500
2024-07-18,NATIONALUM,2024-07-25,198.4,198.4,191.51,192.15,192.15,28012500,7470.0,57705000,-787500
2024-07-16,NATIONALUM,2024-07-25,199.53,203.75,198.65,199.84,199.84,16293750,4345.0,58492500,247500
2024-07-15,NATIONALUM,2024-07-25,198.7,201.65,196.27,199.43,199.43,19781250,5275.0,58245000,660000
2024-07-12,NATIONALUM,2024-07-25,199.16,201.94,195.67,197.45,197.45,13597500,3626.0,57585000,-978750
2024-07-11,NATIONALUM,2024-07-25,201.4,202.26,198.46,199.2,199.2,12671250,3379.0,58563750,-1053750
2024-07-10,NATIONALUM,2024-07-25,203.9,204.39,192.45,199.88,199.88,34248750,9133.0,59617500,-2782500
2024-07-09,NATIONALUM,2024-07-25,208.68,209.2,202.16,204.36,204.36,23808750,6349.0,62400000,-828750
2024-07-08,NATIONALUM,2024-07-25,200.1,208.58,199.2,207.49,207.49,41208750,10989.0,63228750,-738750
2024-07-05,NATIONALUM,2024-07-25,195.35,200.8,194.4,200.1,200.1,25826250,6887.0,63967500,-2321250
2024-07-04,NATIONALUM,2024-07-25,195.8,198.95,194.35,195.35,195.35,19650000,5240.0,66288750,588750
2024-07-03,NATIONALUM,2024-07-25,194.45,195.35,192.1,194.8,194.8,10522500,2806.0,65700000,-198750
2024-07-02,NATIONALUM,2024-07-25,193.55,196.85,189.75,193.35,193.35,23838750,6357.0,65898750,472500
2024-07-01,NATIONALUM,2024-07-25,188.8,193.7,188.35,192.8,192.8,18873750,5033.0,65426250,161250
2024-06-28,NATIONALUM,2024-07-25,185.55,190.0,185.4,187.95,187.95,17580000,4688.0,65265000,-682500
2024-06-27,NATIONALUM,2024-07-25,186.8,188.95,181.95,186.2,186.2,43316250,11551.0,65947500,17126250
2024-06-26,NATIONALUM,2024-06-27,187.7,188.4,185.35,186.5,186.5,19755000,5268.0,16920000,-13293750
2024-06-25,NATIONALUM,2024-06-27,190.75,192.15,185.65,188.1,188.1,20028750,5341.0,30213750,-10920000
2024-06-24,NATIONALUM,2024-06-27,191.75,191.75,184.5,189.7,189.7,33682500,8982.0,41133750,-15780000
2024-06-21,NATIONALUM,2024-06-27,191.7,197.15,190.9,193.75,193.75,26936250,7183.0,56913750,-4038750
2024-06-20,NATIONALUM,2024-06-27,184.5,193.3,183.25,191.7,191.7,24907500,6642.0,60952500,-3086250
2024-06-19,NATIONALUM,2024-06-27,189.2,189.2,183.85,185.3,185.3,13976250,3727.0,64038750,-1586250
2024-06-18,NATIONALUM,2024-06-27,192.4,192.9,187.4,188.15,188.15,17040000,4544.0,65625000,-206250
2024-06-14,NATIONALUM,2024-06-27,188.95,195.7,188.75,192.45,192.45,37301250,9947.0,65831250,-1946250
2024-06-13,NATIONALUM,2024-06-27,186.6,187.95,184.2,186.75,186.75,12945000,3452.0,67777500,-843750
2024-06-12,NATIONALUM,2024-06-27,183.55,188.1,183.15,185.4,185.4,17291250,4611.0,68621250,-1552500
2024-06-11,NATIONALUM,2024-06-27,182.5,187.3,181.2,183.75,183.75,20126250,5367.0,70173750,-502500
2024-06-10,NATIONALUM,2024-06-27,185.45,185.75,182.3,183.55,183.55,14655000,3908.0,70676250,-765000
2024-06-07,NATIONALUM,2024-06-27,179.9,186.2,178.5,185.6,185.6,21525000,5740.0,71441250,-333750
2024-06-06,NATIONALUM,2024-06-27,177.7,185.45,176.6,181.2,181.2,31976250,8527.0,71775000,-731250
2024-06-05,NATIONALUM,2024-06-27,164.0,177.85,153.9,176.45,176.45,47445000,12652.0,72506250,-3997500
2024-06-04,NATIONALUM,2024-06-27,195.85,195.85,148.4,159.3,159.3,85376250,22767.0,76503750,-3911250
2024-06-03,NATIONALUM,2024-06-27,201.8,203.25,195.85,197.85,197.85,31492500,8398.0,80415000,2850000
2024-05-31,NATIONALUM,2024-06-27,191.5,195.4,188.35,192.8,192.8,23100000,6160.0,77565000,-772500
2024-05-30,NATIONALUM,2024-06-27,194.0,197.2,190.45,191.35,191.35,40203750,10721.0,78337500,13807500
2024-05-29,NATIONALUM,2024-05-30,191.55,200.6,190.45,195.2,195.2,38508750,10269.0,17298750,-17842500
2024-05-28,NATIONALUM,2024-05-30,200.0,206.35,189.6,191.75,191.75,103863750,27697.0,35141250,-38478750
2024-05-27,NATIONALUM,2024-05-30,194.0,196.0,190.2,194.6,194.6,5463750,1457.0,73620000,-3603750
2024-05-24,NATIONALUM,2024-05-30,192.5,195.95,191.85,193.0,193.0,2947500,786.0,77223750,-2940000
2024-05-23,NATIONALUM,2024-05-30,194.9,195.35,189.8,191.05,191.05,4035000,1076.0,80163750,-3922500
2024-05-22,NATIONALUM,2024-05-30,201.15,201.6,192.25,197.4,197.4,7072500,1886.0,84086250,-7057500
2024-05-21,NATIONALUM,2024-05-30,200.95,204.85,197.3,199.45,199.45,59516250,15871.0,91143750,-1485000
2024-05-18,NATIONALUM,2024-05-30,196.55,201.7,196.4,200.5,200.5,15547500,4146.0,92628750,648750
2024-05-17,NATIONALUM,2024-05-30,191.35,196.75,190.55,195.7,195.7,32148750,8573.0,91980000,2362500
2024-05-16,NATIONALUM,2024-05-30,192.05,193.2,187.75,190.95,190.95,18397500,4906.0,89617500,-1110000
2024-05-15,NATIONALUM,2024-05-30,191.75,194.25,188.6,190.45,190.45,20658750,5509.0,90727500,-390000
2024-05-14,NATIONALUM,2024-05-30,178.85,191.55,177.85,190.35,190.35,59703750,15921.0,91117500,3303750
2024-05-13,NATIONALUM,2024-05-30,174.55,178.0,169.35,177.5,177.5,18371250,4899.0,87813750,-678750
2024-05-10,NATIONALUM,2024-05-30,172.45,175.7,169.7,174.7,174.7,19162500,5110.0,88492500,446250
2024-05-09,NATIONALUM,2024-05-30,181.45,181.75,170.75,171.4,171.4,20028750,5341.0,88046250,-592500
2024-05-08,NATIONALUM,2024-05-30,176.65,182.55,175.6,180.55,180.55,17002500,4534.0,88638750,382500
2024-05-07,NATIONALUM,2024-05-30,184.65,184.7,174.9,177.75,177.75,24086250,6423.0,88256250,-1087500
2024-05-06,NATIONALUM,2024-05-30,186.55,188.15,179.1,184.5,184.5,26426250,7047.0,89343750,615000
2024-05-03,NATIONALUM,2024-05-30,188.45,190.0,183.35,186.75,186.75,28293750,7545.0,88728750,1458750
2024-05-02,NATIONALUM,2024-05-30,186.35,190.45,185.35,188.45,188.45,18341250,4891.0,87270000,502500
2024-04-30,NATIONALUM,2024-05-30,190.5,191.65,185.9,186.55,186.55,16391250,4371.0,86767500,270000
2024-04-29,NATIONALUM,2024-05-30,191.75,194.6,189.4,190.15,190.15,19638750,5237.0,86497500,127500
2024-04-26,NATIONALUM,2024-05-30,191.75,193.5,188.25,190.7,190.7,25781250,6875.0,86370000,-307500
2024-04-25,NATIONALUM,2024-05-30,189.65,191.45,187.25,190.3,190.3,47355000,6314.0,86677500,10455000
2024-04-24,NATIONALUM,2024-04-25,182.75,190.45,182.35,188.2,188.2,35355000,4714.0,15682500,-18630000
2024-04-23,NATIONALUM,2024-04-25,187.05,187.8,182.55,183.55,183.55,29002500,3867.0,34312500,-17100000
2024-04-22,NATIONALUM,2024-04-25,189.0,191.45,185.0,185.7,185.7,67035000,8938.0,51412500,-23167500
2024-04-19,NATIONALUM,2024-04-25,177.8,185.2,174.55,184.75,184.75,5250000,700.0,74580000,-2700000
2024-04-18,NATIONALUM,2024-04-25,185.5,187.0,180.15,181.3,181.3,2010000,268.0,77280000,-1980000
2024-04-16,NATIONALUM,2024-04-25,180.75,185.5,180.65,182.85,182.85,2122500,283.0,79260000,-2107500
2024-04-15,NATIONALUM,2024-04-25,184.0,185.5,175.55,181.85,181.85,7537500,1005.0,81367500,-7507500
2024-04-12,NATIONALUM,2024-04-25,181.1,183.7,177.25,178.2,178.2,6435000,858.0,88875000,-6330000
2024-04-10,NATIONALUM,2024-04-25,185.55,189.5,182.4,183.15,183.15,61155000,8154.0,95205000,3210000
2024-04-09,NATIONALUM,2024-04-25,179.0,185.7,176.8,183.8,183.8,55102500,7347.0,91995000,307500
2024-04-08,NATIONALUM,2024-04-25,178.25,180.65,175.1,178.45,178.45,25425000,3390.0,91687500,-1860000
2024-04-05,NATIONALUM,2024-04-25,174.15,181.2,172.0,178.45,178.45,36060000,4808.0,93547500,2475000
2024-04-04,NATIONALUM,2024-04-25,178.8,181.85,174.8,176.2,176.2,43942500,5859.0,91072500,-2835000
2024-04-03,NATIONALUM,2024-04-25,167.0,176.8,166.95,175.9,175.9,99367500,13249.0,93907500,4897500
2024-04-02,NATIONALUM,2024-04-25,162.85,167.9,159.2,167.2,167.2,48967500,6529.0,89010000,1965000
2024-04-01,NATIONALUM,2024-04-25,155.4,163.2,155.4,162.75,162.75,39322500,5243.0,87045000,3795000
2024-03-28,NATIONALUM,2024-04-25,155.0,156.0,152.8,153.9,153.9,35430000,4724.0,83250000,13950000
2024-03-27,NATIONALUM,2024-03-28,153.25,154.9,151.3,151.9,151.9,25567500,3409.0,17730000,-16807500
2024-03-26,NATIONALUM,2024-03-28,148.95,153.2,148.9,152.55,152.55,26737500,3565.0,34537500,-15892500
2024-03-22,NATIONALUM,2024-03-28,145.55,151.1,144.65,148.9,148.9,30172500,4023.0,50430000,-9300000
2024-03-21,NATIONALUM,2024-03-28,140.8,147.7,140.8,146.3,146.3,35647500,4753.0,59730000,-4605000
2024-03-20,NATIONALUM,2024-03-28,139.55,142.65,135.4,138.35,138.35,36622500,4883.0,64335000,-2835000
2024-03-19,NATIONALUM,2024-03-28,139.0,142.0,136.65,137.15,137.15,787500,105.0,67170000,-780000
2024-03-18,NATIONALUM,2024-03-28,135.55,141.25,135.55,139.7,139.7,952500,127.0,67950000,-945000
2024-03-15,NATIONALUM,2024-03-28,140.5,143.75,131.6,137.15,137.15,2632500,351.0,68895000,-2632500
2024-03-14,NATIONALUM,2024-03-28,137.3,143.75,135.65,141.45,141.45,3360000,448.0,71527500,-3330000
2024-03-13,NATIONALUM,2024-03-28,152.1,153.3,131.25,136.5,136.5,13935000,1858.0,74857500,-13777500
2024-03-12,NATIONALUM,2024-03-28,158.25,159.7,151.8,152.6,152.6,43012500,5735.0,88635000,6832500
2024-03-11,NATIONALUM,2024-03-28,164.9,164.9,157.75,158.9,158.9,22350000,2980.0,81802500,-667500
2024-03-07,NATIONALUM,2024-03-28,164.4,166.95,163.25,163.85,163.85,25740000,3432.0,82470000,2167500
2024-03-06,NATIONALUM,2024-03-28,166.6,166.75,158.45,164.0,164.0,40920000,5456.0,80302500,-1245000
2024-03-05,NATIONALUM,2024-03-28,167.05,169.7,166.05,167.25,167.25,27375000,3650.0,81547500,1980000
2024-03-04,NATIONALUM,2024-03-28,167.0,171.55,163.3,167.85,167.85,67597500,9013.0,79567500,5362500
2024-03-02,NATIONALUM,2024-03-28,162.3,167.7,161.5,167.1,167.1,22185000,2958.0,74205000,4020000
2024-03-01,NATIONALUM,2024-03-28,158.9,162.95,158.5,161.95,161.95,34852500,4647.0,70185000,5970000
2024-02-29,NATIONALUM,2024-02-29,152.05,156.9,151.6,155.75,155.95,29865000,3982.0,5355000,-13335000
2024-02-28,NATIONALUM,2024-02-29,155.25,158.55,151.4,152.15,152.15,24090000,3212.0,18690000,-10050000
2024-02-27,NATIONALUM,2024-02-29,156.45,158.85,154.35,155.6,155.6,26865000,3582.0,28740000,-10110000
2024-02-26,NATIONALUM,2024-02-29,160.15,162.4,154.7,157.15,157.15,37627500,5017.0,38850000,-13950000
2024-02-23,NATIONALUM,2024-02-29,161.95,162.1,158.2,158.9,158.9,2407500,321.0,52800000,-2407500
2024-02-22,NATIONALUM,2024-02-29,156.55,160.4,151.15,159.65,159.65,2482500,331.0,55207500,-2475000
2024-02-21,NATIONALUM,2024-02-29,160.9,163.0,153.2,154.85,154.85,4912500,655.0,57682500,-4905000
2024-02-20,NATIONALUM,2024-02-29,160.95,161.7,158.05,158.95,158.95,1852500,247.0,62587500,-1852500
2024-02-19,NATIONALUM,2024-02-29,162.9,163.6,157.65,158.55,158.55,5280000,704.0,64440000,-5280000
2024-02-16,NATIONALUM,2024-02-29,157.5,167.75,156.75,161.1,161.1,96990000,12932.0,69720000,6690000
2024-02-15,NATIONALUM,2024-02-29,156.5,158.45,151.85,156.2,156.2,6915000,922.0,63030000,-2782500
2024-02-14,NATIONALUM,2024-02-29,142.9,157.45,142.6,154.35,154.35,18240000,2432.0,65812500,-17445000
2024-02-13,NATIONALUM,2024-02-29,143.0,143.7,136.85,140.6,140.6,55642500,7419.0,83257500,1807500
2024-02-12,NATIONALUM,2024-02-29,158.15,160.35,141.4,142.75,142.75,63892500,8519.0,81450000,9157500
2024-02-09,NATIONALUM,2024-02-29,160.5,160.9,145.0,157.1,157.1,9562500,1275.0,72292500,-3915000
2024-02-08,NATIONALUM,2024-02-29,161.0,163.0,156.2,159.45,159.45,3300000,440.0,76207500,-3270000
2024-02-07,NATIONALUM,2024-02-29,165.65,165.65,157.8,160.95,160.95,4740000,632.0,79477500,-4732500
2024-02-06,NATIONALUM,2024-02-29,156.0,163.1,153.75,162.3,162.3,13275000,1770.0,84210000,-13275000
2024-02-05,NATIONALUM,2024-02-29,154.0,161.55,152.85,155.75,155.75,91590000,12212.0,97485000,1477500
2024-02-02,NATIONALUM,2024-02-29,148.7,158.0,147.35,154.05,154.05,86947500,11593.0,96007500,2415000
2024-02-01,NATIONALUM,2024-02-29,153.0,153.0,146.7,148.0,148.0,44857500,5981.0,93592500,3150000
2024-01-31,NATIONALUM,2024-02-29,147.5,151.2,146.75,150.25,150.25,45030000,6004.0,90442500,682500
2024-01-30,NATIONALUM,2024-02-29,147.65,150.1,145.55,146.45,146.45,56392500,7519.0,89760000,870000
2024-01-29,NATIONALUM,2024-02-29,145.95,149.0,141.95,146.25,146.25,77707500,10361.0,88890000,6855000
2024-01-25,NATIONALUM,2024-02-29,138.0,143.65,134.9,142.35,142.35,131235000,17498.0,82035000,56422500
2024-01-24,NATIONALUM,2024-01-25,129.5,138.0,127.0,136.3,136.3,16230000,2164.0,39127500,-9090000
2024-01-23,NATIONALUM,2024-01-25,137.15,137.7,122.35,127.0,127.0,6390000,852.0,48217500,-6285000
2024-01-20,NATIONALUM,2024-01-25,133.8,139.45,133.65,134.75,134.75,4065000,542.0,54502500,-4065000
2024-01-19,NATIONALUM,2024-01-25,132.85,136.6,132.45,133.8,133.8,2355000,314.0,58567500,-2355000
2024-01-18,NATIONALUM,2024-01-25,131.7,133.05,125.0,131.15,131.15,4012500,535.0,60922500,-3990000
2024-01-17,NATIONALUM,2024-01-25,136.7,137.55,132.75,133.75,133.75,6675000,890.0,64912500,-6172500
2024-01-16,NATIONALUM,2024-01-25,138.75,144.5,136.5,139.3,139.3,131902500,17587.0,71085000,7275000
2024-01-15,NATIONALUM,2024-01-25,130.75,136.0,129.4,135.7,135.7,4762500,635.0,63810000,-2910000
2024-01-12,NATIONALUM,2024-01-25,132.0,133.65,131.3,131.7,131.7,1252500,167.0,66720000,-1252500
2024-01-11,NATIONALUM,2024-01-25,130.3,132.05,129.65,131.45,131.45,510000,68.0,67972500,-510000
2024-01-10,NATIONALUM,2024-01-25,132.1,133.8,127.7,131.45,131.45,3495000,466.0,68482500,-3495000
2024-01-09,NATIONALUM,2024-01-25,126.0,130.05,123.7,128.95,128.95,2092500,279.0,71977500,-2085000
2024-01-08,NATIONALUM,2024-01-25,128.25,129.8,123.85,124.8,124.8,2955000,394.0,74062500,-2947500
2024-01-05,NATIONALUM,2024-01-25,132.8,133.5,128.25,129.35,129.35,5175000,690.0,77010000,-5167500
2024-01-04,NATIONALUM,2024-01-25,130.4,133.2,130.3,131.35,131.35,5880000,784.0,82177500,-5880000
2024-01-03,NATIONALUM,2024-01-25,139.4,139.4,129.75,130.35,130.35,92467500,12329.0,88057500,15930000
2024-01-02,NATIONALUM,2024-01-25,137.05,140.8,132.5,140.05,140.05,73357500,9781.0,72127500,4470000
2024-01-01,NATIONALUM,2024-01-25,133.8,139.95,133.1,137.15,137.15,54532500,7271.0,67657500,1005000
2023-12-29,NATIONALUM,2024-01-25,130.3,136.95,127.4,133.25,133.25,110070000,14676.0,66652500,20782500
2023-12-28,NATIONALUM,2024-01-25,120.2,131.1,120.05,129.95,129.95,25935000,3458.0,45870000,3607500
2023-12-27,NATIONALUM,2023-12-28,115.85,118.65,115.1,117.9,117.9,9637500,1285.0,25140000,-8505000
2023-12-26,NATIONALUM,2023-12-28,116.95,117.4,114.55,115.2,115.2,6307500,841.0,33645000,-6240000
2023-12-22,NATIONALUM,2023-12-28,113.25,118.0,112.95,115.4,115.4,86917500,11589.0,39885000,-15960000
2023-12-21,NATIONALUM,2023-12-28,104.0,111.75,102.6,111.0,111.0,6442500,859.0,55845000,-4005000
2023-12-20,NATIONALUM,2023-12-28,114.25,114.4,102.7,104.55,104.55,8430000,1124.0,59850000,-6720000
2023-12-19,NATIONALUM,2023-12-28,116.0,116.2,111.6,112.8,112.8,4867500,649.0,66570000,-4822500
2023-12-18,NATIONALUM,2023-12-28,111.0,120.05,109.55,115.95,115.95,72630000,9684.0,71392500,-3585000
2023-12-15,NATIONALUM,2023-12-28,107.45,114.35,107.25,111.35,111.35,109455000,14594.0,74977500,10440000
2023-12-14,NATIONALUM,2023-12-28,100.9,105.65,99.8,105.2,105.2,16560000,2208.0,64537500,-9795000
2023-12-13,NATIONALUM,2023-12-28,97.7,99.55,96.6,99.35,99.35,1837500,245.0,74332500,-1837500
2023-12-12,NATIONALUM,2023-12-28,99.2,99.7,96.8,97.3,97.3,2242500,299.0,76170000,-2242500
2023-12-11,NATIONALUM,2023-12-28,97.75,99.2,96.9,98.1,98.1,2295000,306.0,78412500,-2295000
2023-12-08,NATIONALUM,2023-12-28,99.95,100.4,95.15,97.75,97.75,6337500,845.0,80707500,-6292500
2023-12-07,NATIONALUM,2023-12-28,99.9,100.8,98.0,99.7,99.7,28500000,3800.0,87000000,7005000
2023-12-06,NATIONALUM,2023-12-28,97.25,101.3,96.25,99.95,99.95,47790000,6372.0,79995000,6120000
2023-12-05,NATIONALUM,2023-12-28,97.75,98.9,96.0,96.9,96.9,22942500,3059.0,73875000,1117500
2023-12-04,NATIONALUM,2023-12-28,95.8,98.45,95.1,97.65,97.65,44490000,5932.0,72757500,1792500
2023-12-01,NATIONALUM,2023-12-28,93.2,94.9,93.0,94.4,94.4,24675000,3290.0,70965000,1605000
2023-11-30,NATIONALUM,2023-12-28,92.25,93.5,92.0,92.8,92.8,35805000,4774.0,69360000,16492500
2023-11-29,NATIONALUM,2023-11-30,92.5,92.9,91.6,92.1,92.1,20452500,2727.0,19260000,-14962500
2023-11-28,NATIONALUM,2023-11-30,91.55,92.5,91.2,92.25,92.25,21157500,2821.0,34222500,-11377500
2023-11-24,NATIONALUM,2023-11-30,91.1,92.4,90.95,91.15,91.15,18675000,2490.0,45600000,-9840000
2023-11-23,NATIONALUM,2023-11-30,91.35,91.7,90.2,91.2,91.2,10147500,1353.0,55440000,-1987500
2023-11-22,NATIONALUM,2023-11-30,93.2,93.2,90.85,91.7,91.7,10890000,1452.0,57427500,-1905000
2023-11-21,NATIONALUM,2023-11-30,92.6,93.95,92.1,92.9,92.9,11535000,1538.0,59332500,-2332500
2023-11-20,NATIONALUM,2023-11-30,92.45,93.75,91.75,91.9,91.9,11617500,1549.0,61665000,-2407500
2023-11-17,NATIONALUM,2023-11-30,92.55,93.3,91.9,92.1,92.1,7192500,959.0,64072500,-157500
2023-11-16,NATIONALUM,2023-11-30,93.1,93.55,92.0,92.85,92.85,10005000,1334.0,64230000,1245000
2023-11-15,NATIONALUM,2023-11-30,92.4,94.55,92.4,93.2,93.2,20257500,2701.0,62985000,-1552500
2023-11-13,NATIONALUM,2023-11-30,91.45,91.95,89.85,91.5,91.5,10935000,1458.0,64537500,-1597500
2023-11-12,NATIONALUM,2023-11-30,91.05,91.5,91.0,91.4,91.4,1095000,146.0,66135000,0
2023-11-10,NATIONALUM,2023-11-30,89.55,91.45,89.25,90.75,90.75,14385000,1918.0,66135000,82500
2023-11-09,NATIONALUM,2023-11-30,93.85,93.9,88.5,89.6,89.6,31410000,4188.0,66052500,4335000
2023-11-08,NATIONALUM,2023-11-30,93.8,94.25,93.05,93.65,93.65,9292500,1239.0,61717500,-630000
2023-11-07,NATIONALUM,2023-11-30,95.0,95.0,93.2,93.5,93.5,10117500,1349.0,62347500,502500
2023-11-06,NATIONALUM,2023-11-30,93.55,95.0,93.1,94.7,94.7,12870000,1716.0,61845000,435000
2023-11-03,NATIONALUM,2023-11-30,94.4,94.85,93.5,93.6,93.6,7200000,960.0,61410000,-82500
2023-11-02,NATIONALUM,2023-11-30,92.65,94.25,92.6,94.05,94.05,10882500,1451.0,61492500,382500
2023-11-01,NATIONALUM,2023-11-30,92.75,93.5,91.6,92.15,92.15,6645000,886.0,61110000,600000
2023-10-31,NATIONALUM,2023-11-30,92.95,94.45,92.3,92.9,92.9,9705000,1294.0,60510000,-840000
2023-10-30,NATIONALUM,2023-11-30,92.0,92.75,91.35,92.45,92.45,10282500,1371.0,61350000,487500
2023-10-27,NATIONALUM,2023-11-30,91.25,92.25,90.7,91.25,91.25,8355000,1114.0,60862500,-562500
2023-10-26,NATIONALUM,2023-10-26,91.0,91.0,88.55,90.05,90.1,26520000,3536.0,13702500,-12750000
2023-10-25,NATIONALUM,2023-10-26,90.5,92.65,89.9,91.45,91.45,30622500,4083.0,26452500,-17587500
2023-10-23,NATIONALUM,2023-10-26,94.3,94.4,89.35,89.7,89.7,36480000,4864.0,44040000,-14482500
2023-10-20,NATIONALUM,2023-10-26,97.2,98.0,94.15,94.5,94.5,18037500,2405.0,58522500,-4177500
2023-10-19,NATIONALUM,2023-10-26,97.8,98.25,95.8,97.9,97.9,14212500,1895.0,62700000,-1605000
2023-10-18,NATIONALUM,2023-10-26,100.75,102.4,98.25,98.7,98.7,24607500,3281.0,64305000,-1065000
2023-10-17,NATIONALUM,2023-10-26,101.5,101.95,99.8,99.95,99.95,10830000,1444.0,65370000,-255000
2023-10-16,NATIONALUM,2023-10-26,99.0,101.8,98.7,100.8,100.8,17677500,2357.0,65625000,532500
2023-10-13,NATIONALUM,2023-10-26,99.0,100.9,98.5,99.25,99.25,23430000,3124.0,65092500,817500
2023-10-12,NATIONALUM,2023-10-26,96.7,101.3,96.7,100.2,100.2,45937500,6125.0,64275000,5970000
2023-10-11,NATIONALUM,2023-10-26,97.75,97.8,95.9,96.15,96.15,16957500,2261.0,58305000,1342500
2023-10-10,NATIONALUM,2023-10-26,94.6,97.5,94.35,97.25,97.25,12555000,1674.0,56962500,-502500
2023-10-09,NATIONALUM,2023-10-26,95.0,95.2,92.7,93.8,93.8,9105000,1214.0,57465000,-75000
2023-10-06,NATIONALUM,2023-10-26,95.2,95.95,94.7,95.4,95.4,5512500,735.0,57540000,15000
2023-10-05,NATIONALUM,2023-10-26,95.4,95.9,94.35,94.8,94.8,5280000,704.0,57525000,-202500
2023-10-04,NATIONALUM,2023-10-26,97.15,97.25,93.8,95.0,95.0,12772500,1703.0,57727500,-495000
2023-10-03,NATIONALUM,2023-10-26,96.9,97.95,96.15,97.35,97.35,13965000,1862.0,58222500,952500
2023-09-29,NATIONALUM,2023-10-26,94.5,98.3,94.4,97.85,97.85,25800000,3440.0,57270000,-1972500
2023-09-28,NATIONALUM,2023-09-28,93.0,94.1,92.55,92.9,93.15,23332500,3111.0,5880000,-13612500
2023-09-27,NATIONALUM,2023-09-28,92.7,93.3,91.7,92.9,92.9,17197500,2293.0,19492500,-9382500
2023-09-26,NATIONALUM,2023-09-28,93.45,94.7,92.7,93.1,93.1,22065000,2942.0,28875000,-11490000
2023-09-25,NATIONALUM,2023-09-28,93.5,94.05,92.6,93.55,93.55,25875000,3450.0,40365000,-18765000
2023-09-22,NATIONALUM,2023-09-28,94.3,94.3,92.4,93.5,93.5,9675000,1290.0,59130000,-780000
2023-09-21,NATIONALUM,2023-09-28,96.3,96.65,93.65,94.0,94.0,9060000,1208.0,59910000,-330000
2023-09-20,NATIONALUM,2023-09-28,94.3,96.35,93.5,95.35,95.35,13597500,1813.0,60240000,-2032500
2023-09-18,NATIONALUM,2023-09-28,97.8,99.0,95.1,96.0,96.0,13305000,1774.0,62272500,3285000
2023-09-15,NATIONALUM,2023-09-28,100.3,102.7,96.6,97.7,97.7,3352500,447.0,58987500,-3352500
2023-09-14,NATIONALUM,2023-09-28,97.0,99.0,96.55,98.55,98.55,2475000,330.0,62340000,-2445000
2023-09-13,NATIONALUM,2023-09-28,93.9,97.05,93.05,96.5,96.5,4687500,625.0,64785000,-4665000
2023-09-12,NATIONALUM,2023-09-28,102.05,102.05,94.15,94.55,94.55,33667500,4489.0,69450000,-1125000
2023-09-11,NATIONALUM,2023-09-28,100.5,102.5,99.45,101.0,101.0,19852500,2647.0,70575000,1905000
2023-09-08,NATIONALUM,2023-09-28,99.95,101.8,99.4,99.95,99.95,18945000,2526.0,68670000,1170000
2023-09-07,NATIONALUM,2023-09-28,100.75,100.75,98.75,99.8,99.8,16065000,2142.0,67500000,1905000
2023-09-06,NATIONALUM,2023-09-28,101.75,103.05,99.0,100.7,100.7,16252500,2167.0,65595000,1110000
2023-09-05,NATIONALUM,2023-09-28,104.4,104.4,100.6,102.2,102.2,22522500,3003.0,64485000,1380000
2023-09-04,NATIONALUM,2023-09-28,99.0,106.05,98.6,104.15,104.15,55897500,7453.0,63105000,13417500
2023-09-01,NATIONALUM,2023-09-28,94.2,98.4,94.1,98.1,98.1,29445000,3926.0,49687500,2407500
2023-08-31,NATIONALUM,2023-08-31,94.35,95.2,93.35,94.15,94.15,13845000,1846.0,7987500,-5910000
2023-08-30,NATIONALUM,2023-08-31,93.4,95.65,92.95,94.4,94.4,17962500,2395.0,13897500,-7155000
2023-08-29,NATIONALUM,2023-08-31,90.65,93.2,90.6,92.8,92.8,23835000,3178.0,21052500,-13432500
2023-08-28,NATIONALUM,2023-08-31,88.8,90.85,88.75,90.6,90.6,19537500,2605.0,34485000,-8250000
2023-08-25,NATIONALUM,2023-08-31,88.75,89.65,87.8,88.2,88.2,9300000,1240.0,42735000,-2362500
2023-08-24,NATIONALUM,2023-08-31,90.85,91.1,89.45,89.75,89.75,7042500,939.0,45097500,-2287500
2023-08-23,NATIONALUM,2023-08-31,89.35,91.05,88.85,90.25,90.25,12727500,1697.0,47385000,-2955000
2023-08-22,NATIONALUM,2023-08-31,88.05,89.8,87.85,89.05,89.05,12300000,1640.0,50340000,-2797500
2023-08-21,NATIONALUM,2023-08-31,87.9,88.35,86.9,88.0,88.0,7155000,954.0,53137500,-592500
2023-08-18,NATIONALUM,2023-08-31,88.15,88.75,86.25,86.85,86.85,9690000,1292.0,53730000,-217500
2023-08-17,NATIONALUM,2023-08-31,89.1,90.3,87.75,88.15,88.15,10567500,1409.0,53947500,-405000
2023-08-16,NATIONALUM,2023-08-31,90.1,90.45,88.1,89.35,89.35,13980000,1864.0,54352500,180000
2023-08-11,NATIONALUM,2023-08-31,95.35,95.85,94.1,94.5,94.5,7582500,1011.0,53827500,922500
2023-08-10,NATIONALUM,2023-08-31,96.95,97.05,94.8,95.45,95.45,10470000,1396.0,52905000,712500
2023-08-09,NATIONALUM,2023-08-31,95.1,97.45,94.9,97.2,97.2,12562500,1675.0,52192500,-682500
2023-08-08,NATIONALUM,2023-08-31,95.65,95.7,94.6,95.2,95.2,9855000,1314.0,52875000,75000
2023-08-07,NATIONALUM,2023-08-31,95.5,96.5,95.2,95.5,95.5,6487500,865.0,52800000,277500
2023-08-04,NATIONALUM,2023-08-31,95.4,96.8,94.9,95.75,95.75,14280000,1904.0,52522500,1215000
2023-08-03,NATIONALUM,2023-08-31,92.45,95.25,91.35,94.95,94.95,13807500,1841.0,51307500,1080000
2023-08-02,NATIONALUM,2023-08-31,96.25,96.4,91.85,92.75,92.75,16852500,2247.0,50227500,-75000
2023-08-01,NATIONALUM,2023-08-31,96.6,98.45,95.8,96.45,96.45,20047500,2673.0,50302500,3022500
2023-07-31,NATIONALUM,2023-08-31,96.4,97.75,95.75,96.15,96.15,14152500,1887.0,47280000,2587500
2023-07-28,NATIONALUM,2023-08-31,95.6,96.5,95.25,96.3,96.3,6952500,927.0,44692500,802500
2023-07-27,NATIONALUM,2023-07-27,95.15,96.35,94.6,94.95,94.75,17370000,2316.0,11302500,-11692500
2023-07-26,NATIONALUM,2023-07-27,95.3,96.4,94.8,95.05,95.05,15712500,2095.0,22995000,-9607500
2023-07-25,NATIONALUM,2023-07-27,92.55,95.25,92.0,95.1,95.1,23632500,3151.0,32602500,-6817500
2023-07-24,NATIONALUM,2023-07-27,92.5,92.6,91.85,92.3,92.3,19455000,2594.0,39420000,-8752500
2023-07-21,NATIONALUM,2023-07-27,91.9,93.45,91.55,92.15,92.15,14625000,1950.0,48172500,-967500
2023-07-20,NATIONALUM,2023-07-27,92.85,92.85,91.4,92.5,92.5,8865000,1182.0,49140000,-1275000
2023-07-19,NATIONALUM,2023-07-27,93.3,93.5,92.1,92.4,92.4,8085000,1078.0,50415000,-97500
2023-07-18,NATIONALUM,2023-07-27,93.5,93.7,92.0,93.0,93.0,15015000,2002.0,50512500,-217500
2023-07-17,NATIONALUM,2023-07-27,90.4,93.9,89.35,93.25,93.25,47055000,6274.0,50730000,-1695000
2023-07-14,NATIONALUM,2023-07-27,86.0,90.0,85.6,89.7,89.7,44842500,5979.0,52425000,2295000
2023-07-13,NATIONALUM,2023-07-27,85.75,86.3,84.35,84.95,84.95,19057500,2541.0,50130000,-157500
2023-07-12,NATIONALUM,2023-07-27,84.05,85.5,83.75,85.0,85.0,14295000,1906.0,50287500,-472500
2023-07-11,NATIONALUM,2023-07-27,83.75,84.5,83.4,83.95,83.95,7125000,950.0,50760000,622500
2023-07-10,NATIONALUM,2023-07-27,83.15,84.9,83.05,83.85,83.85,12667500,1689.0,50137500,1357500
2023-07-07,NATIONALUM,2023-07-27,84.9,84.95,83.0,83.45,83.45,9675000,1290.0,48780000,1462500
2023-07-06,NATIONALUM,2023-07-27,84.55,85.25,83.3,84.8,84.8,9150000,1220.0,47317500,150000
2023-07-05,NATIONALUM,2023-07-27,84.2,85.05,83.5,84.2,84.2,19042500,2539.0,47167500,-292500
2023-07-04,NATIONALUM,2023-07-27,84.1,84.8,83.15,83.9,83.9,7582500,1011.0,47460000,-382500
2023-07-03,NATIONALUM,2023-07-27,82.8,84.4,82.6,83.8,83.8,9382500,1251.0,47842500,-1065000
2023-06-30,NATIONALUM,2023-07-27,83.0,83.15,82.3,82.6,82.6,5580000,744.0,48907500,697500
2023-06-28,NATIONALUM,2023-06-28,82.6,82.85,81.5,81.8,81.95,15180000,2024.0,2070000,-9712500
2023-05-25,NATIONALUM,2023-05-25,80.6,81.05,79.25,80.6,80.55,17362500,2315.0,1155000,-10290000
2023-05-24,NATIONALUM,2023-05-25,81.2,81.25,80.5,80.65,80.65,11790000,1572.0,11445000,-6487500
2023-05-23,NATIONALUM,2023-05-25,82.05,82.05,81.0,81.65,81.65,16912500,2255.0,17932500,-8887500
2023-05-22,NATIONALUM,2023-05-25,80.9,81.7,80.0,81.55,81.55,14655000,1954.0,26820000,-9615000
2023-05-19,NATIONALUM,2023-05-25,80.55,81.2,79.65,80.8,80.8,10830000,1444.0,36435000,-2722500
2023-05-18,NATIONALUM,2023-05-25,81.6,82.15,80.5,80.7,80.7,6270000,836.0,39157500,-832500
2023-05-17,NATIONALUM,2023-05-25,81.3,81.9,80.7,81.3,81.3,10830000,1444.0,39990000,-67500
2023-05-16,NATIONALUM,2023-05-25,82.5,83.2,81.15,81.5,81.5,6345000,846.0,40057500,465000
2023-05-15,NATIONALUM,2023-05-25,81.7,82.8,80.55,82.3,82.3,12982500,1731.0,39592500,-90000
2023-05-12,NATIONALUM,2023-05-25,81.7,82.4,81.15,81.85,81.85,9502500,1267.0,39682500,172500
2023-05-11,NATIONALUM,2023-05-25,82.8,83.2,82.15,83.05,83.05,7312500,975.0,39510000,-1680000
2023-05-10,NATIONALUM,2023-05-25,83.0,83.25,82.45,83.05,83.05,5100000,680.0,41190000,-622500
2023-05-09,NATIONALUM,2023-05-25,82.65,83.5,82.1,82.9,82.9,9127500,1217.0,41812500,-1387500
2023-05-08,NATIONALUM,2023-05-25,80.5,82.45,79.3,82.3,82.3,14100000,1880.0,43200000,-3195000
2023-05-05,NATIONALUM,2023-05-25,82.7,82.7,80.0,80.2,80.2,18285000,2438.0,46395000,-855000
2023-05-04,NATIONALUM,2023-05-25,82.65,83.9,82.65,83.25,83.25,12952500,1727.0,47250000,-2302500
2023-05-03,NATIONALUM,2023-05-25,83.4,83.55,82.2,82.7,82.7,8700000,1160.0,49552500,577500
2023-05-02,NATIONALUM,2023-05-25,83.85,84.75,83.55,83.65,83.65,16402500,2187.0,48975000,675000
2023-04-28,NATIONALUM,2023-05-25,82.55,84.2,82.5,83.45,83.45,12870000,1716.0,48300000,-495000
2023-04-27,NATIONALUM,2023-04-27,82.1,82.75,81.6,82.15,82.15,17452500,2327.0,1822500,-10297500
2023-04-26,NATIONALUM,2023-04-27,81.75,82.7,81.25,82.45,82.45,14992500,1999.0,12120000,-8550000
2023-04-25,NATIONALUM,2023-04-27,82.5,83.15,81.65,81.95,81.95,19087500,2545.0,20670000,-12637500
2023-04-24,NATIONALUM,2023-04-27,82.15,82.95,81.8,82.75,82.75,18922500,2523.0,33307500,-13657500
2023-04-21,NATIONALUM,2023-04-27,83.45,83.55,81.45,82.25,82.25,9322500,1243.0,46965000,-2730000
2023-04-20,NATIONALUM,2023-04-27,84.15,84.45,83.2,83.35,83.35,6127500,817.0,49695000,465000
2023-04-19,NATIONALUM,2023-04-27,83.0,85.3,83.0,84.15,84.15,17745000,2366.0,49230000,930000
2023-04-18,NATIONALUM,2023-04-27,81.65,83.2,81.55,83.05,83.05,9367500,1249.0,48300000,67500
2023-04-17,NATIONALUM,2023-04-27,79.25,82.0,79.25,81.85,81.85,11970000,1596.0,48232500,22500
2023-04-13,NATIONALUM,2023-04-27,81.1,81.65,79.7,79.95,79.95,7537500,1005.0,48210000,427500
2023-04-12,NATIONALUM,2023-04-27,81.5,81.8,80.85,81.05,81.05,7380000,984.0,47782500,-1117500
2023-04-11,NATIONALUM,2023-04-27,80.65,81.45,80.25,81.3,81.3,8527500,1137.0,48900000,15000
2023-04-10,NATIONALUM,2023-04-27,80.2,80.8,79.65,80.55,80.55,7147500,953.0,48885000,-225000
2023-04-06,NATIONALUM,2023-04-27,78.85,80.0,78.4,79.75,79.75,10237500,1365.0,49110000,-622500
2023-04-05,NATIONALUM,2023-04-27,79.8,79.8,78.25,79.2,79.2,7545000,1006.0,49732500,817500
2023-04-03,NATIONALUM,2023-04-27,79.1,80.3,79.05,80.05,80.05,9945000,1326.0,48915000,277500
2023-03-31,NATIONALUM,2023-04-27,78.0,79.9,77.85,79.0,79.0,16740000,2232.0,48637500,1477500
2023-03-29,NATIONALUM,2023-03-29,76.65,77.8,75.9,77.25,77.15,19012500,2535.0,1905000,-9607500
2023-03-28,NATIONALUM,2023-03-29,77.85,79.35,76.15,76.5,76.5,22680000,3024.0,11512500,-12375000
2023-03-27,NATIONALUM,2023-03-29,77.55,78.0,76.75,76.95,76.95,22065000,2942.0,23887500,-11122500
2023-03-24,NATIONALUM,2023-03-29,77.5,78.75,76.5,77.15,77.15,20692500,2759.0,35010000,-6930000
2023-03-23,NATIONALUM,2023-03-29,77.1,78.6,77.1,77.65,77.65,12075000,1610.0,41940000,-2700000
2023-03-22,NATIONALUM,2023-03-29,78.65,79.3,77.75,78.05,78.05,9697500,1293.0,44640000,-630000
2023-03-21,NATIONALUM,2023-03-29,79.6,79.85,77.85,79.2,79.2,18937500,2525.0,45270000,-2415000
2023-03-20,NATIONALUM,2023-03-29,83.0,83.0,78.6,79.6,79.6,34965000,4662.0,47685000,-2310000
2023-03-17,NATIONALUM,2023-03-29,82.75,85.5,82.5,83.25,83.25,68370000,9116.0,49995000,4072500
2023-03-16,NATIONALUM,2023-03-29,82.3,82.4,80.2,81.95,81.95,21187500,2825.0,45922500,-2700000
2023-03-15,NATIONALUM,2023-03-29,82.7,84.6,82.7,83.75,83.75,18172500,2423.0,48622500,-3637500
2023-03-14,NATIONALUM,2023-03-29,82.4,82.9,80.75,82.4,82.4,17407500,2321.0,52260000,-2542500
2023-03-13,NATIONALUM,2023-03-29,82.05,82.9,80.65,81.25,81.25,18592500,2479.0,54802500,-1282500
2023-03-10,NATIONALUM,2023-03-29,81.25,82.1,80.15,81.65,81.65,16687500,2225.0,56085000,285000
2023-03-09,NATIONALUM,2023-03-29,82.3,83.4,81.95,82.15,82.15,9877500,1317.0,55800000,1402500
2023-03-08,NATIONALUM,2023-03-29,82.35,82.7,81.25,82.0,82.0,12682500,1691.0,54397500,405000
2023-03-06,NATIONALUM,2023-03-29,83.15,84.25,81.6,83.5,83.5,22980000,3064.0,53992500,2722500
2023-03-03,NATIONALUM,2023-03-29,83.25,83.45,82.0,83.15,83.15,11295000,1506.0,51270000,1380000
2023-03-02,NATIONALUM,2023-03-29,83.2,83.7,82.4,82.75,82.75,12397500,1653.0,49890000,-1657500
2023-03-01,NATIONALUM,2023-03-29,79.15,83.3,79.15,83.15,83.15,24180000,3224.0,51547500,885000
2023-02-28,NATIONALUM,2023-03-29,78.2,79.15,77.1,78.6,78.6,11595000,1546.0,50662500,-555000
2023-02-27,NATIONALUM,2023-03-29,78.75,78.75,76.35,78.1,78.1,16237500,2165.0,51217500,-135000
2023-02-24,NATIONALUM,2023-03-29,82.7,82.7,78.35,78.8,78.8,23572500,3143.0,51352500,652500
2023-02-23,NATIONALUM,2023-02-23,81.35,83.0,80.6,82.1,82.05,18060000,2408.0,2100000,-10665000
2023-02-22,NATIONALUM,2023-02-23,81.45,81.5,80.25,81.1,81.1,15157500,2021.0,12765000,-7395000
2023-02-21,NATIONALUM,2023-02-23,81.65,82.9,81.15,81.85,81.85,30840000,4112.0,20160000,-17857500
2023-02-20,NATIONALUM,2023-02-23,80.35,81.8,80.15,81.4,81.4,26610000,3548.0,38017500,-13605000
2023-02-17,NATIONALUM,2023-02-23,80.5,81.4,79.65,80.35,80.35,12780000,1704.0,51622500,-2242500
2023-02-16,NATIONALUM,2023-02-23,79.25,80.9,78.9,80.55,80.55,13845000,1846.0,53865000,-2175000
2023-02-15,NATIONALUM,2023-02-23,78.4,80.1,78.35,79.15,79.15,13185000,1758.0,56040000,-585000
2023-02-14,NATIONALUM,2023-02-23,79.15,79.4,76.5,78.65,78.65,16980000,2264.0,56625000,-3757500
2023-02-13,NATIONALUM,2023-02-23,76.6,79.7,76.6,79.05,79.05,26017500,3469.0,60382500,-1387500
2023-02-10,NATIONALUM,2023-02-23,78.2,79.05,76.65,76.85,76.85,10515000,1402.0,61770000,307500
2023-02-09,NATIONALUM,2023-02-23,78.35,79.2,77.5,78.45,78.45,10455000,1394.0,61462500,-937500
2023-02-08,NATIONALUM,2023-02-23,76.95,78.85,76.75,78.5,78.5,10717500,1429.0,62400000,-817500
2023-02-07,NATIONALUM,2023-02-23,77.2,77.45,75.75,76.9,76.9,15945000,2126.0,63217500,-1162500
2023-02-06,NATIONALUM,2023-02-23,78.75,78.85,77.5,77.7,77.7,8437500,1125.0,64380000,60000
2023-02-03,NATIONALUM,2023-02-23,82.15,82.15,77.7,78.85,78.85,16260000,2168.0,64320000,-172500
2023-02-02,NATIONALUM,2023-02-23,80.85,83.05,80.85,81.7,81.7,8902500,1187.0,64492500,-1072500
2023-02-01,NATIONALUM,2023-02-23,84.35,84.9,80.0,82.1,82.1,21007500,2801.0,65565000,-1177500
2023-01-31,NATIONALUM,2023-02-23,83.4,84.55,82.35,83.9,83.9,14317500,1909.0,66742500,120000
2023-01-30,NATIONALUM,2023-02-23,82.3,83.8,81.85,83.15,83.15,14235000,1898.0,66622500,-2347500
2023-01-27,NATIONALUM,2023-02-23,83.5,84.4,81.25,82.7,82.7,20640000,2752.0,68970000,-4050000
2023-01-25,NATIONALUM,2023-01-25,82.95,83.55,82.15,82.4,82.65,27225000,3630.0,2422500,-15682500
2023-01-24,NATIONALUM,2023-01-25,83.85,84.0,82.05,82.85,82.85,25972500,3463.0,18105000,-17782500
2023-01-23,NATIONALUM,2023-01-25,83.4,83.8,82.25,83.65,83.65,35325000,4710.0,35887500,-22890000
2023-01-20,NATIONALUM,2023-01-25,84.45,85.3,82.65,82.9,82.9,20895000,2786.0,58777500,-7035000
2023-01-19,NATIONALUM,2023-01-25,84.0,85.7,83.35,84.6,84.6,19680000,2624.0,65812500,-2280000
2023-01-18,NATIONALUM,2023-01-25,84.05,85.1,83.6,84.6,84.6,23835000,3178.0,68092500,1207500
2023-01-17,NATIONALUM,2023-01-25,83.95,84.1,82.35,83.85,83.85,17850000,2380.0,66885000,1507500
2023-01-16,NATIONALUM,2023-01-25,84.15,84.55,82.75,83.6,83.6,17077500,2277.0,65377500,-367500
2023-01-13,NATIONALUM,2023-01-25,83.05,84.15,82.8,83.4,83.4,16117500,2149.0,65745000,-1425000
2023-01-12,NATIONALUM,2023-01-25,84.7,84.85,81.2,82.35,82.35,38070000,5076.0,67170000,-4230000
2023-01-11,NATIONALUM,2023-01-25,84.45,85.95,84.05,85.15,85.15,29017500,3869.0,71400000,2805000
2023-01-10,NATIONALUM,2023-01-25,85.55,85.7,82.9,83.75,83.75,26647500,3553.0,68595000,-277500
2023-01-09,NATIONALUM,2023-01-25,82.6,84.45,82.6,83.6,83.6,22455000,2994.0,68872500,1995000
2023-01-06,NATIONALUM,2023-01-25,81.95,82.8,81.05,81.35,81.35,12937500,1725.0,66877500,-127500
2023-01-05,NATIONALUM,2023-01-25,80.75,82.3,79.95,82.0,82.0,23580000,3144.0,67005000,150000
2023-01-04,NATIONALUM,2023-01-25,82.95,83.2,80.1,81.15,81.15,23182500,3091.0,66855000,-2497500
2023-01-03,NATIONALUM,2023-01-25,84.15,85.05,83.2,83.55,83.55,18262500,2435.0,69352500,180000
2023-01-02,NATIONALUM,2023-01-25,81.35,84.85,81.25,84.25,84.25,36037500,4805.0,69172500,2220000
2022-12-30,NATIONALUM,2023-01-25,81.0,83.1,80.2,81.0,81.0,33315000,4442.0,66952500,6112500
2022-12-29,NATIONALUM,2022-12-29,77.9,79.75,77.4,79.15,79.05,21394500,5034.0,3238500,-9090750
2022-12-28,NATIONALUM,2022-12-29,78.4,79.45,77.85,78.65,78.65,19533000,4596.0,12329250,-11883000
2022-12-27,NATIONALUM,2022-12-29,74.7,79.55,74.5,78.85,78.85,35364250,8321.0,24212250,-13387500
2022-12-26,NATIONALUM,2022-12-29,71.65,74.4,70.5,74.0,74.0,17208250,4049.0,37599750,-6579000
2022-12-23,NATIONALUM,2022-12-29,75.1,75.3,71.45,71.8,71.8,18415250,4333.0,44178750,-7276000
2022-12-22,NATIONALUM,2022-12-29,78.4,79.15,74.8,75.9,75.9,12325000,2900.0,51454750,-2273750
2022-12-21,NATIONALUM,2022-12-29,78.75,80.5,77.15,78.0,78.0,22597250,5317.0,53728500,-1177250
2022-12-20,NATIONALUM,2022-12-29,77.65,78.4,76.3,78.3,78.3,11164750,2627.0,54905750,-1814750
2022-12-19,NATIONALUM,2022-12-29,77.6,78.65,76.9,78.45,78.45,5142500,1210.0,56720500,195500
2022-12-16,NATIONALUM,2022-12-29,77.2,78.4,76.45,77.5,77.5,10799250,2541.0,56525000,-1674500
2022-12-15,NATIONALUM,2022-12-29,79.25,80.1,77.5,77.95,77.95,10382750,2443.0,58199500,144500
2022-12-14,NATIONALUM,2022-12-29,78.2,80.3,78.2,79.7,79.7,13927250,3277.0,58055000,624750
2022-12-13,NATIONALUM,2022-12-29,78.35,78.55,77.3,77.65,77.65,5733250,1349.0,57430250,-250750
2022-12-12,NATIONALUM,2022-12-29,76.8,78.4,75.85,78.15,78.15,11564250,2721.0,57681000,-276250
2022-12-09,NATIONALUM,2022-12-29,79.35,80.1,76.85,77.5,77.5,12775500,3006.0,57957250,-1151750
2022-12-08,NATIONALUM,2022-12-29,79.3,79.75,77.85,79.15,79.15,11028750,2595.0,59109000,-977500
2022-12-07,NATIONALUM,2022-12-29,79.0,79.45,78.15,78.95,78.95,8521250,2005.0,60086500,-1559750
2022-12-06,NATIONALUM,2022-12-29,80.25,80.25,78.0,78.9,78.9,15291500,3598.0,61646250,-1615000
2022-12-05,NATIONALUM,2022-12-29,80.5,81.65,79.3,80.9,80.9,24254750,5707.0,63261250,293250
2022-12-02,NATIONALUM,2022-12-29,78.3,79.3,78.2,78.55,78.55,8555250,2013.0,62968000,-709750
2022-12-01,NATIONALUM,2022-12-29,78.6,79.35,78.2,78.55,78.55,19919750,4687.0,63677750,-1785000
2022-11-30,NATIONALUM,2022-12-29,76.3,77.75,76.2,77.45,77.45,13005000,3060.0,65462750,433500
2022-11-29,NATIONALUM,2022-12-29,75.35,77.85,75.35,76.05,76.05,14934500,3514.0,65029250,208250
2022-11-28,NATIONALUM,2022-12-29,75.45,75.95,74.6,75.05,75.05,7611750,1791.0,64821000,38250
2022-11-25,NATIONALUM,2022-12-29,75.05,76.5,75.0,76.25,76.25,8096250,1905.0,64782750,1275000
2022-11-24,NATIONALUM,2022-11-24,75.05,75.2,73.9,74.95,74.9,21530500,5066.0,4454000,-14084500
2022-11-23,NATIONALUM,2022-11-24,74.35,75.15,74.0,74.6,74.6,16821500,3958.0,18538500,-11691750
2022-11-22,NATIONALUM,2022-11-24,73.8,74.2,73.25,74.05,74.05,20731500,4878.0,30230250,-14739000
2022-11-21,NATIONALUM,2022-11-24,74.25,74.4,73.25,73.8,73.8,24956000,5872.0,44969250,-16528250
2022-11-18,NATIONALUM,2022-11-24,75.8,76.45,73.4,73.9,73.9,11929750,2807.0,61497500,-1500250
2022-11-17,NATIONALUM,2022-11-24,76.4,76.5,74.55,75.75,75.75,10540000,2480.0,62997750,-348500
2022-11-16,NATIONALUM,2022-11-24,78.4,78.85,76.2,76.8,76.8,11543000,2716.0,63346250,-629000
2022-11-15,NATIONALUM,2022-11-24,78.55,79.1,77.5,78.8,78.8,15202250,3577.0,63975250,-2537250
2022-11-14,NATIONALUM,2022-11-24,75.85,78.4,75.3,78.2,78.2,29354750,6907.0,66512500,697000
2022-11-11,NATIONALUM,2022-11-24,73.7,76.1,73.7,75.05,75.05,23264500,5474.0,65815500,-1530000
2022-11-10,NATIONALUM,2022-11-24,73.4,74.25,72.2,72.75,72.75,17556750,4131.0,67345500,-378250
2022-11-09,NATIONALUM,2022-11-24,76.85,76.85,74.25,74.6,74.6,30668000,7216.0,67723750,2511750
2022-11-07,NATIONALUM,2022-11-24,74.45,76.75,72.95,76.4,76.4,33889500,7974.0,65212000,-80750
2022-11-04,NATIONALUM,2022-11-24,71.45,74.3,71.45,73.8,73.8,23676750,5571.0,65292750,1224000
2022-11-03,NATIONALUM,2022-11-24,71.5,71.85,70.95,71.5,71.5,9834500,2314.0,64068750,1343000
2022-11-02,NATIONALUM,2022-11-24,71.65,73.0,71.45,71.95,71.95,12257000,2884.0,62725750,-123250
2022-11-01,NATIONALUM,2022-11-24,70.2,72.0,70.1,71.5,71.5,13187750,3103.0,62849000,-1228250
2022-10-31,NATIONALUM,2022-11-24,70.05,70.75,68.7,70.35,70.35,9749500,2294.0,64077250,-1530000
2022-10-28,NATIONALUM,2022-11-24,71.8,71.8,69.2,69.85,69.85,16256250,3825.0,65607250,365500
2022-10-27,NATIONALUM,2022-10-27,71.0,72.3,70.9,71.4,71.3,42631750,10031.0,5996750,-27646250
2022-10-25,NATIONALUM,2022-10-27,70.05,70.4,69.55,69.8,69.8,26018500,6122.0,33643000,-17106250
2022-10-21,NATIONALUM,2022-10-27,70.25,70.7,69.3,69.8,69.8,24747750,5823.0,50834250,-13268500
2022-10-20,NATIONALUM,2022-10-27,68.55,70.4,68.0,70.25,70.25,15954500,3754.0,64102750,-5304000
2022-10-19,NATIONALUM,2022-10-27,69.0,70.15,68.6,68.9,68.9,10591000,2492.0,69406750,238000
2022-10-18,NATIONALUM,2022-10-27,69.6,69.75,68.65,68.9,68.9,10251000,2412.0,69168750,947750
2022-10-17,NATIONALUM,2022-10-27,69.75,69.8,68.6,69.0,69.0,14305500,3366.0,68221000,1908250
2022-10-14,NATIONALUM,2022-10-27,73.55,73.75,69.65,70.05,70.05,19269500,4534.0,66312750,476000
2022-10-13,NATIONALUM,2022-10-27,72.0,73.1,70.9,72.55,72.55,26634750,6267.0,65836750,-3854750
2022-10-12,NATIONALUM,2022-10-27,70.55,71.05,69.3,70.8,70.8,7739250,1821.0,69691500,-25500
2022-10-11,NATIONALUM,2022-10-27,72.25,73.3,69.9,70.15,70.15,12482250,2937.0,69717000,773500
2022-10-10,NATIONALUM,2022-10-27,71.5,72.6,70.7,72.5,72.5,9124750,2147.0,68943500,382500
2022-10-07,NATIONALUM,2022-10-27,72.65,73.2,71.95,72.75,72.75,7280250,1713.0,68561000,412250
2022-10-06,NATIONALUM,2022-10-27,71.85,73.75,71.85,73.05,73.05,17357000,4084.0,68148750,2167500
2022-10-04,NATIONALUM,2022-10-27,70.85,71.5,70.05,71.2,71.2,16864000,3968.0,65981250,1385500
2022-10-03,NATIONALUM,2022-10-27,70.9,71.2,68.45,68.7,68.7,20472250,4817.0,64595750,2843250
2022-09-30,NATIONALUM,2022-10-27,69.05,71.95,68.55,71.6,71.6,20863250,4909.0,61752500,-692750
2022-09-29,NATIONALUM,2022-09-29,67.8,68.75,67.05,67.7,67.75,26749500,6294.0,8151500,-16307250
2022-09-28,NATIONALUM,2022-09-29,68.0,68.45,66.65,67.05,67.05,30060250,7073.0,24458750,-17357000
2022-09-27,NATIONALUM,2022-09-29,69.35,69.8,67.45,68.9,68.9,21887500,5150.0,41815750,-10059750
2022-09-26,NATIONALUM,2022-09-29,71.8,72.0,68.55,68.85,68.85,23931750,5631.0,51875500,-5248750
2022-09-23,NATIONALUM,2022-09-29,75.1,75.45,72.5,73.0,73.0,12414250,2921.0,57124250,-1797750
2022-09-22,NATIONALUM,2022-09-29,74.15,75.3,73.15,75.0,75.0,12269750,2887.0,58922000,-2877250
2022-09-21,NATIONALUM,2022-09-29,75.85,76.4,74.25,74.4,74.4,10353000,2436.0,61799250,399500
2022-09-20,NATIONALUM,2022-09-29,75.65,76.9,75.15,75.8,75.8,14824000,3488.0,61399750,-1870000
2022-09-19,NATIONALUM,2022-09-29,77.4,77.65,74.3,74.65,74.65,14586000,3432.0,63269750,561000
2022-09-16,NATIONALUM,2022-09-29,79.35,79.35,76.4,77.1,77.1,19269500,4534.0,62708750,-63750
2022-09-15,NATIONALUM,2022-09-29,80.5,81.65,79.2,79.4,79.4,19550000,4600.0,62772500,-488750
2022-09-14,NATIONALUM,2022-09-29,78.95,82.8,78.95,81.4,81.4,30064500,7074.0,63261250,1207000
2022-09-13,NATIONALUM,2022-09-29,80.4,81.35,80.2,80.35,80.35,12036000,2832.0,62054250,896750
2022-09-12,NATIONALUM,2022-09-29,79.75,80.45,79.45,80.3,80.3,12796750,3011.0,61157500,-59500
2022-09-09,NATIONALUM,2022-09-29,79.0,80.6,78.6,78.9,78.9,15091750,3551.0,61217000,-204000
2022-09-08,NATIONALUM,2022-09-29,80.5,80.85,78.1,78.4,78.4,9923750,2335.0,61421000,-374000
2022-09-07,NATIONALUM,2022-09-29,78.6,79.35,77.75,79.15,79.15,12197500,2870.0,61795000,2014500
2022-09-06,NATIONALUM,2022-09-29,79.9,79.9,77.8,79.25,79.25,14186500,3338.0,59780500,901000
2022-09-05,NATIONALUM,2022-09-29,75.95,78.5,75.95,78.3,78.3,12648000,2976.0,58879500,-1092250
2022-09-02,NATIONALUM,2022-09-29,77.0,77.0,75.35,75.95,75.95,10115000,2380.0,59971750,1857250
2022-09-01,NATIONALUM,2022-09-29,78.85,79.3,75.8,76.65,76.65,23855250,5613.0,58114500,4488000
2022-08-30,NATIONALUM,2022-09-29,79.85,80.25,79.2,79.45,79.45,9881250,2325.0,53626500,174250
2022-08-29,NATIONALUM,2022-09-29,79.05,79.9,77.8,79.25,79.25,10646250,2505.0,53452250,765000
2022-08-26,NATIONALUM,2022-09-29,80.25,81.7,78.6,80.7,80.7,19435250,4573.0,52687250,-1071000
2022-08-25,NATIONALUM,2022-08-25,80.0,81.05,79.25,79.7,79.6,16405000,3860.0,3582750,-9239500
2022-08-24,NATIONALUM,2022-08-25,79.75,80.65,79.05,80.1,80.1,20557250,4837.0,12822250,-11237000
2022-08-23,NATIONALUM,2022-08-25,76.15,79.75,76.1,79.4,79.4,21067250,4957.0,24059250,-10531500
2022-08-22,NATIONALUM,2022-08-25,78.55,78.9,76.5,76.85,76.85,21857750,5143.0,34590750,-10115000
2022-08-19,NATIONALUM,2022-08-25,81.9,81.9,78.6,79.1,79.1,19014500,4474.0,44705750,-5091500
2022-08-18,NATIONALUM,2022-08-25,82.85,83.1,80.9,81.5,81.5,11436750,2691.0,49797250,-1623500
2022-08-17,NATIONALUM,2022-08-25,79.6,83.85,79.25,82.65,82.65,32648500,7682.0,51420750,-2048500
2022-08-16,NATIONALUM,2022-08-25,79.75,80.05,77.6,79.45,79.45,15457250,3637.0,53469250,-2715750
2022-08-12,NATIONALUM,2022-08-25,79.0,81.2,78.95,80.1,80.1,13009250,3061.0,56185000,-981750
2022-08-11,NATIONALUM,2022-08-25,80.1,80.3,78.75,79.05,79.05,11364500,2674.0,57166750,-1657500
2022-08-10,NATIONALUM,2022-08-25,78.75,81.2,76.7,79.45,79.45,26787750,6303.0,58824250,-182750
2022-08-08,NATIONALUM,2022-08-25,78.05,79.35,77.25,78.9,78.9,10416750,2451.0,59007000,-569500
2022-08-05,NATIONALUM,2022-08-25,77.85,79.05,77.4,77.65,77.65,11921250,2805.0,59576500,-956250
2022-08-04,NATIONALUM,2022-08-25,78.0,79.5,76.7,77.8,77.8,15631500,3678.0,60532750,-1049750
2022-08-03,NATIONALUM,2022-08-25,77.55,78.9,75.95,77.45,77.45,11041500,2598.0,61582500,-769250
2022-08-02,NATIONALUM,2022-08-25,78.2,78.8,76.65,77.85,77.85,20340500,4786.0,62351750,-616250
2022-08-01,NATIONALUM,2022-08-25,78.7,79.8,77.85,79.4,79.4,12886000,3032.0,62968000,-1368500
2022-07-29,NATIONALUM,2022-08-25,76.2,79.0,75.95,78.35,78.35,23260250,5473.0,64336500,1198500
2022-07-28,NATIONALUM,2022-07-28,76.5,76.6,74.8,75.35,75.35,19367250,4557.0,2911250,-10297750
2022-07-27,NATIONALUM,2022-07-28,74.25,76.1,74.05,75.95,75.95,19677500,4630.0,13209000,-11891500
2022-07-26,NATIONALUM,2022-07-28,75.7,76.3,72.75,74.3,74.3,28135000,6620.0,25100500,-17926500
2022-07-25,NATIONALUM,2022-07-28,75.15,75.7,74.4,75.45,75.45,25402250,5977.0,43027000,-17017000
2022-07-22,NATIONALUM,2022-07-28,75.95,76.1,74.45,74.95,74.95,8674250,2041.0,60044000,-1555500
2022-07-21,NATIONALUM,2022-07-28,75.35,76.2,74.9,75.75,75.75,9817500,2310.0,61599500,344250
2022-07-20,NATIONALUM,2022-07-28,74.65,76.7,74.15,75.35,75.35,20123750,4735.0,61255250,-4250
2022-07-19,NATIONALUM,2022-07-28,72.85,74.5,72.75,73.9,73.9,10965000,2580.0,61259500,140250
2022-07-18,NATIONALUM,2022-07-28,71.1,74.0,70.95,73.7,73.7,16264750,3827.0,61119250,-1789250
2022-07-15,NATIONALUM,2022-07-28,70.0,70.95,69.0,70.4,70.4,16689750,3927.0,62908500,-199750
2022-07-14,NATIONALUM,2022-07-28,73.05,73.4,70.2,70.7,70.7,16405000,3860.0,63108250,2167500
2022-07-13,NATIONALUM,2022-07-28,72.95,73.55,72.25,73.05,73.05,8988750,2115.0,60940750,743750
2022-07-12,NATIONALUM,2022-07-28,72.85,74.1,71.45,72.7,72.7,15941750,3751.0,60197000,1355750
2022-07-11,NATIONALUM,2022-07-28,73.5,75.3,73.0,73.95,73.95,16090500,3786.0,58841250,2214250
2022-07-08,NATIONALUM,2022-07-28,75.1,75.45,72.7,74.25,74.25,23149750,5447.0,56627000,-4101250
2022-07-07,NATIONALUM,2022-07-28,71.35,75.1,69.9,74.6,74.6,31841000,7492.0,60728250,-391000
2022-07-06,NATIONALUM,2022-07-28,68.55,70.9,66.4,70.7,70.7,20595500,4846.0,61119250,1513000
2022-07-05,NATIONALUM,2022-07-28,70.15,72.3,69.25,69.6,69.6,16694000,3928.0,59606250,-1164500
2022-07-04,NATIONALUM,2022-07-28,68.85,70.2,67.1,69.95,69.95,15334000,3608.0,60770750,165750
2022-07-01,NATIONALUM,2022-07-28,68.2,69.3,67.15,69.1,69.1,13999500,3294.0,60605000,2329000
2022-06-30,NATIONALUM,2022-06-30,71.3,71.6,68.45,68.85,68.8,22053250,5189.0,3812250,-11105250
2022-06-29,NATIONALUM,2022-06-30,70.95,71.95,70.15,71.25,71.25,25364000,5968.0,14917500,-15372250
2022-06-28,NATIONALUM,2022-06-30,69.95,72.8,69.8,72.65,72.65,25937750,6103.0,30289750,-11300750
2022-06-27,NATIONALUM,2022-06-30,71.15,71.75,70.05,70.25,70.25,24909250,5861.0,41590500,-10705750
2022-06-24,NATIONALUM,2022-06-30,68.0,69.85,67.65,69.45,69.45,14165250,3333.0,52296250,-505750
2022-06-23,NATIONALUM,2022-06-30,69.0,70.45,67.1,68.2,68.2,19418250,4569.0,52802000,357000
2022-06-22,NATIONALUM,2022-06-30,71.95,72.0,68.35,68.8,68.8,18096500,4258.0,52445000,-340000
2022-06-21,NATIONALUM,2022-06-30,71.55,74.8,70.8,73.6,73.6,21658000,5096.0,52785000,-1211250
2022-06-20,NATIONALUM,2022-06-30,75.15,75.45,68.55,70.55,70.55,25194000,5928.0,53996250,-1368500
2022-06-17,NATIONALUM,2022-06-30,77.7,79.5,75.35,75.7,75.7,17463250,4109.0,55364750,1449250
2022-06-16,NATIONALUM,2022-06-30,83.7,83.95,77.8,78.25,78.25,15083250,3549.0,53915500,-323000
2022-06-15,NATIONALUM,2022-06-30,83.9,84.6,81.9,82.4,82.4,10756750,2531.0,54238500,858500
2022-06-14,NATIONALUM,2022-06-30,83.9,86.35,83.2,83.4,83.4,16328500,3842.0,53380000,2860250
2022-06-13,NATIONALUM,2022-06-30,87.95,88.5,85.0,85.8,85.8,20625250,4853.0,50519750,187000
2022-06-10,NATIONALUM,2022-06-30,91.05,91.65,88.2,90.9,90.9,18547000,4364.0,50332750,395250
2022-06-09,NATIONALUM,2022-06-30,93.1,94.6,91.45,92.65,92.65,10246750,2411.0,49937500,-38250
2022-06-08,NATIONALUM,2022-06-30,93.35,94.35,92.3,93.95,93.95,10748250,2529.0,49975750,-1228250
2022-06-07,NATIONALUM,2022-06-30,92.1,93.5,91.55,92.8,92.8,8534000,2008.0,51204000,140250
2022-06-06,NATIONALUM,2022-06-30,91.25,93.2,90.6,92.9,92.9,10833250,2549.0,51063750,-501500
2022-06-03,NATIONALUM,2022-06-30,93.45,94.35,92.1,92.5,92.5,8589250,2021.0,51565250,386750
2022-06-02,NATIONALUM,2022-06-30,92.7,93.5,90.6,92.8,92.8,13238750,3115.0,51178500,1806250
2022-06-01,NATIONALUM,2022-06-30,95.1,95.6,91.8,92.7,92.7,16796000,3952.0,49372250,2992000
2022-05-31,NATIONALUM,2022-06-30,95.6,97.75,94.6,96.5,96.5,15244750,3587.0,46380250,-493000
2022-05-30,NATIONALUM,2022-06-30,94.0,96.0,92.75,95.35,95.35,15091750,3551.0,46873250,-331500
2022-05-27,NATIONALUM,2022-06-30,94.85,94.85,91.85,93.25,93.25,11466500,2698.0,47204750,1496000
2022-05-26,NATIONALUM,2022-05-26,94.45,95.9,90.05,93.0,93.05,31348000,7376.0,4088500,-12728750
2022-05-25,NATIONALUM,2022-05-26,95.6,96.0,92.8,93.45,93.45,18602250,4377.0,16817250,-10395500
2022-05-24,NATIONALUM,2022-05-26,96.3,97.55,94.65,95.4,95.4,19537250,4597.0,27212750,-10195750
2022-05-23,NATIONALUM,2022-05-26,96.4,97.95,93.3,95.95,95.95,23460000,5520.0,37408500,-8517000
2022-05-20,NATIONALUM,2022-05-26,96.95,99.25,96.05,98.8,98.8,14560500,3426.0,45925500,-2222750
2022-05-19,NATIONALUM,2022-05-26,95.2,95.45,91.75,94.05,94.05,18602250,4377.0,48148250,-2686000
2022-05-18,NATIONALUM,2022-05-26,98.15,98.85,95.6,97.9,97.9,16668500,3922.0,50834250,-1462000
2022-05-17,NATIONALUM,2022-05-26,92.1,98.6,92.1,97.8,97.8,30799750,7247.0,52296250,-1355750
2022-05-16,NATIONALUM,2022-05-26,90.6,91.6,89.15,91.0,91.0,12503500,2942.0,53652000,-1139000
2022-05-13,NATIONALUM,2022-05-26,90.25,91.45,88.35,89.05,89.05,22027750,5183.0,54791000,-3089750
2022-05-12,NATIONALUM,2022-05-26,90.15,90.6,86.65,88.7,88.7,22210500,5226.0,57880750,-2851750
2022-05-11,NATIONALUM,2022-05-26,90.4,92.95,87.8,90.85,90.85,27990500,6586.0,60732500,-3876000
2022-05-10,NATIONALUM,2022-05-26,93.95,95.35,89.3,89.75,89.75,24909250,5861.0,64608500,-199750
2022-05-09,NATIONALUM,2022-05-26,97.35,97.65,94.65,95.85,95.85,18224000,4288.0,64808250,-3009000
2022-05-06,NATIONALUM,2022-05-26,98.5,99.85,97.3,98.6,98.6,18406750,4331.0,67817250,-2163250
2022-05-05,NATIONALUM,2022-05-26,103.0,104.45,100.7,101.2,101.2,14522250,3417.0,69980500,-2018750
2022-05-04,NATIONALUM,2022-05-26,105.0,106.4,100.5,101.2,101.2,24072000,5664.0,71999250,-1938000
2022-05-02,NATIONALUM,2022-05-26,103.65,107.0,103.65,106.7,106.7,17408000,4096.0,73937250,-1606500
2022-04-29,NATIONALUM,2022-05-26,109.25,109.3,104.8,105.4,105.4,22321000,5252.0,75543750,293250
2022-04-28,NATIONALUM,2022-04-28,109.5,110.25,106.8,108.0,107.95,28670500,3373.0,3740000,-19286500
2022-04-27,NATIONALUM,2022-04-28,109.9,110.3,106.1,108.7,108.7,25831500,3039.0,23026500,-13336500
2022-04-26,NATIONALUM,2022-04-28,110.8,111.5,109.2,110.2,110.2,33039500,3887.0,36363000,-20816500
2022-04-25,NATIONALUM,2022-04-28,114.5,114.5,108.5,109.5,109.5,36550000,4300.0,57179500,-12996500
2022-04-22,NATIONALUM,2022-04-28,117.45,118.3,114.75,115.25,115.25,28364500,3337.0,70176000,-4411500
2022-04-21,NATIONALUM,2022-04-28,119.0,120.1,117.15,119.3,119.3,15674000,1844.0,74587500,-3332000
2022-04-20,NATIONALUM,2022-04-28,119.95,121.15,118.2,119.2,119.2,21335000,2510.0,77919500,-2142000
2022-04-19,NATIONALUM,2022-04-28,120.7,123.5,117.55,119.45,119.45,19150500,2253.0,80061500,-2898500
2022-04-18,NATIONALUM,2022-04-28,119.5,122.5,117.75,120.15,120.15,16779000,1974.0,82960000,-1198500
2022-04-13,NATIONALUM,2022-04-28,121.4,122.2,119.7,120.1,120.1,10922500,1285.0,84158500,-654500
2022-04-12,NATIONALUM,2022-04-28,124.0,124.05,117.8,120.1,120.1,33345500,3923.0,84813000,-1462000
2022-04-11,NATIONALUM,2022-04-28,127.4,128.7,124.1,124.6,124.6,16507000,1942.0,86275000,-680000
2022-04-08,NATIONALUM,2022-04-28,125.8,127.8,125.0,127.3,127.3,16192500,1905.0,86955000,-1326000
2022-04-07,NATIONALUM,2022-04-28,130.45,131.35,124.4,125.0,125.0,29571500,3479.0,88281000,-2558500
2022-04-06,NATIONALUM,2022-04-28,125.25,133.0,125.05,130.75,130.75,51773500,6091.0,90839500,3213000
2022-04-05,NATIONALUM,2022-04-28,127.15,127.2,125.6,126.1,126.1,14679500,1727.0,87626500,-518500
2022-04-04,NATIONALUM,2022-04-28,123.25,127.05,123.25,126.75,126.75,26664500,3137.0,88145000,1972000
2022-04-01,NATIONALUM,2022-04-28,122.25,123.8,121.35,122.65,122.65,17765000,2090.0,86173000,586500
2022-03-31,NATIONALUM,2022-03-31,118.55,122.0,118.55,121.65,121.8,24862500,2925.0,3238500,-12911500
2022-03-30,NATIONALUM,2022-03-31,119.25,119.55,116.4,117.0,117.0,25185500,2963.0,16150000,-15104500
2022-03-29,NATIONALUM,2022-03-31,123.4,123.45,120.65,121.25,121.25,29733000,3498.0,31254500,-14688000
2022-03-28,NATIONALUM,2022-03-31,122.55,124.2,120.7,122.85,122.85,37502000,4412.0,45942500,-22363500
2022-03-25,NATIONALUM,2022-03-31,125.95,125.95,121.5,121.9,121.9,31671000,3726.0,68306000,-10744000
2022-03-24,NATIONALUM,2022-03-31,124.3,128.0,124.05,124.75,124.75,45458000,5348.0,79050000,1504500
2022-03-23,NATIONALUM,2022-03-31,122.8,124.9,120.6,123.7,123.7,40128500,4721.0,77545500,-5465500
2022-03-22,NATIONALUM,2022-03-31,124.1,126.15,122.0,122.6,122.6,25321500,2979.0,83011000,-977500
2022-03-21,NATIONALUM,2022-03-31,119.0,124.2,118.85,122.9,122.9,45798000,5388.0,83988500,-5023500
2022-03-17,NATIONALUM,2022-03-31,118.15,118.65,112.95,116.75,116.75,53813500,6331.0,89012000,-1139000
2022-03-16,NATIONALUM,2022-03-31,115.7,118.4,114.0,117.0,117.0,26800500,3153.0,90151000,-1088000
2022-03-15,NATIONALUM,2022-03-31,115.9,116.9,112.5,113.45,113.45,25993000,3058.0,91239000,-204000
2022-03-14,NATIONALUM,2022-03-31,122.85,123.35,116.5,117.85,117.85,27098000,3188.0,91443000,2677500
2022-03-11,NATIONALUM,2022-03-31,122.4,125.7,121.6,122.3,122.3,30421500,3579.0,88765500,2363000
2022-03-10,NATIONALUM,2022-03-31,120.15,123.45,117.65,122.75,122.75,42270500,4973.0,86402500,4709000
2022-03-09,NATIONALUM,2022-03-31,122.15,123.9,119.65,122.75,122.75,28101000,3306.0,81693500,3094000
2022-03-08,NATIONALUM,2022-03-31,125.95,125.95,120.1,121.75,121.75,49376500,5809.0,78599500,-2983500
2022-03-07,NATIONALUM,2022-03-31,123.9,128.25,121.95,127.3,127.3,52793500,6211.0,81583000,-731000
2022-03-04,NATIONALUM,2022-03-31,130.25,133.0,122.2,122.9,122.9,69912500,8225.0,82314000,-6800000
2022-03-03,NATIONALUM,2022-03-31,128.35,130.3,125.65,129.0,129.0,47090000,5540.0,89114000,-3969500
2022-03-02,NATIONALUM,2022-03-31,123.0,128.45,122.45,125.95,125.95,58760500,6913.0,93083500,374000
2022-02-28,NATIONALUM,2022-03-31,116.95,122.85,116.1,121.65,121.65,58556500,6889.0,92709500,2728500
2022-02-25,NATIONALUM,2022-03-31,115.1,121.95,114.5,117.55,117.55,52445000,6170.0,89981000,2745500
2022-02-24,NATIONALUM,2022-02-24,111.7,118.2,110.65,111.85,112.05,25551000,3006.0,4301000,-8789000
2022-02-23,NATIONALUM,2022-02-24,116.2,117.95,114.2,116.0,116.0,46733000,5498.0,13090000,-29818000
2022-02-22,NATIONALUM,2022-02-24,108.1,116.4,108.1,115.45,115.45,76491500,8999.0,42908000,-37536000
2022-02-21,NATIONALUM,2022-02-24,114.6,115.65,111.25,111.9,111.9,31161000,3666.0,80444000,-5984000
2022-02-18,NATIONALUM,2022-02-24,116.6,118.4,114.95,115.25,115.25,27642000,3252.0,86428000,-6222000
2022-02-17,NATIONALUM,2022-02-24,118.2,120.9,116.3,117.25,117.25,31764500,3737.0,92650000,-4241500
2022-02-16,NATIONALUM,2022-02-24,120.85,121.05,117.1,118.15,118.15,29937000,3522.0,96891500,-1997500
2022-02-15,NATIONALUM,2022-02-24,118.9,120.25,112.5,119.65,119.65,50371000,5926.0,98889000,-4224500
2022-02-14,NATIONALUM,2022-02-24,117.9,121.0,116.2,116.75,116.75,36652000,4312.0,103113500,1232500
2022-02-11,NATIONALUM,2022-02-24,122.0,124.3,118.75,120.0,120.0,34127500,4015.0,101881000,-1266500
2022-02-10,NATIONALUM,2022-02-24,123.15,125.95,122.75,123.2,123.2,38853500,4571.0,103147500,-867000
2022-02-09,NATIONALUM,2022-02-24,119.35,123.65,118.75,122.3,122.3,48807000,5742.0,104014500,2133500
2022-02-08,NATIONALUM,2022-02-24,119.0,119.0,111.75,116.6,116.6,54587000,6422.0,101881000,476000
2022-02-07,NATIONALUM,2022-02-24,116.95,119.75,116.65,117.3,117.3,30056000,3536.0,101405000,-731000
2022-02-04,NATIONALUM,2022-02-24,116.45,120.95,115.95,116.85,116.85,43452000,5112.0,102136000,1385500
2022-02-03,NATIONALUM,2022-02-24,115.0,117.6,114.1,115.85,115.85,33753500,3971.0,100750500,578000
2022-02-02,NATIONALUM,2022-02-24,114.4,115.5,111.95,115.25,115.25,42517000,5002.0,100172500,2966500
2022-02-01,NATIONALUM,2022-02-24,109.45,113.75,108.8,113.25,113.25,42950500,5053.0,97206000,1419500
2022-01-31,NATIONALUM,2022-02-24,109.7,110.5,108.0,108.65,108.65,28738500,3381.0,95786500,561000
2022-01-28,NATIONALUM,2022-02-24,107.15,112.65,106.4,109.15,109.15,47277000,5562.0,95225500,3493500
2022-01-27,NATIONALUM,2022-01-27,101.1,107.55,101.1,106.5,106.25,82603000,9718.0,13396000,-48849500
2022-01-25,NATIONALUM,2022-01-27,100.3,107.95,99.3,107.1,107.1,7505500,883.0,62245500,-6715000
2022-01-24,NATIONALUM,2022-01-27,107.2,107.2,100.05,101.2,101.2,10795000,1270.0,68960500,-9069500
2022-01-21,NATIONALUM,2022-01-27,109.4,112.25,106.8,108.55,108.55,57604500,6777.0,78030000,-12597000
2022-01-20,NATIONALUM,2022-01-27,110.5,112.0,109.35,110.85,110.85,31917500,3755.0,90627000,-1164500
2022-01-19,NATIONALUM,2022-01-27,106.9,110.85,106.9,109.5,109.5,31144000,3664.0,91791500,-2465000
2022-01-18,NATIONALUM,2022-01-27,111.55,112.25,106.8,107.3,107.3,32997000,3882.0,94256500,-2167500
2022-01-17,NATIONALUM,2022-01-27,113.7,114.35,108.9,110.75,110.75,33133000,3898.0,96424000,-2958000
2022-01-14,NATIONALUM,2022-01-27,113.3,115.55,112.8,113.95,113.95,23545000,2770.0,99382000,-3289500
2022-01-13,NATIONALUM,2022-01-27,112.35,115.25,112.3,114.15,114.15,44191500,5199.0,102671500,2958000
2022-01-12,NATIONALUM,2022-01-27,109.85,112.45,109.8,111.85,111.85,23120000,2720.0,99713500,722500
2022-01-11,NATIONALUM,2022-01-27,112.3,114.15,108.35,108.85,108.85,37918500,4461.0,98991000,-5066000
2022-01-10,NATIONALUM,2022-01-27,111.4,113.95,110.05,113.05,113.05,47804000,5624.0,104057000,2796500
2022-01-07,NATIONALUM,2022-01-27,106.6,112.0,105.5,111.25,111.25,67855500,7983.0,101260500,1079500
2022-01-06,NATIONALUM,2022-01-27,103.25,106.85,102.85,105.3,105.3,41174000,4844.0,100181000,459000
2022-01-05,NATIONALUM,2022-01-27,102.0,104.35,101.55,104.05,104.05,29656500,3489.0,99722000,2635000
2022-01-04,NATIONALUM,2022-01-27,103.85,104.4,101.0,102.6,102.6,28041500,3299.0,97087000,297500
2022-01-03,NATIONALUM,2022-01-27,101.7,104.15,100.8,103.8,103.8,21428500,2521.0,96789500,807500
2021-12-31,NATIONALUM,2022-01-27,98.6,102.2,98.6,101.4,101.4,30515000,3590.0,95982000,-1011500
2021-12-30,NATIONALUM,2021-12-30,98.85,99.6,97.0,97.5,97.6,27370000,3220.0,2337500,-16481500
2021-12-29,NATIONALUM,2021-12-30,99.7,100.45,97.8,98.7,98.7,33541000,3946.0,18819000,-20000500
2021-12-28,NATIONALUM,2021-12-30,101.65,101.85,99.75,100.25,100.25,29928500,3521.0,38819500,-14093000
2021-12-27,NATIONALUM,2021-12-30,101.35,101.5,98.95,101.0,101.0,45160500,5313.0,52912500,-23477000
2021-12-24,NATIONALUM,2021-12-30,104.35,104.65,100.05,101.0,101.0,35096500,4129.0,76389500,-10463500
2021-12-23,NATIONALUM,2021-12-30,104.35,106.2,103.6,104.1,104.1,44489000,5234.0,86853000,-6196500
2021-12-22,NATIONALUM,2021-12-30,100.45,104.25,99.5,103.7,103.7,47710500,5613.0,93049500,2932500
2021-12-21,NATIONALUM,2021-12-30,95.5,100.75,95.4,98.65,98.65,42075000,4950.0,90117000,918000
2021-12-20,NATIONALUM,2021-12-30,96.6,96.9,91.9,93.6,93.6,31076000,3656.0,89199000,-1377000
2021-12-17,NATIONALUM,2021-12-30,101.1,101.4,97.45,98.9,98.9,33175500,3903.0,90576000,212500
2021-12-16,NATIONALUM,2021-12-30,101.4,102.1,99.55,101.3,101.3,24276000,2856.0,90363500,-1785000
2021-12-15,NATIONALUM,2021-12-30,102.05,103.45,100.2,100.6,100.6,27616500,3249.0,92148500,-3340500
2021-12-14,NATIONALUM,2021-12-30,99.95,103.25,99.5,102.4,102.4,31815500,3743.0,95489000,3893000
2021-12-13,NATIONALUM,2021-12-30,100.75,103.25,99.85,100.2,100.2,37680500,4433.0,91596000,-1700000
2021-12-10,NATIONALUM,2021-12-30,99.9,101.75,97.95,99.5,99.5,28492000,3352.0,93296000,-2626500
2021-12-09,NATIONALUM,2021-12-30,98.5,100.75,97.55,100.35,100.35,30030500,3533.0,95922500,3638000
2021-12-08,NATIONALUM,2021-12-30,98.5,98.95,96.0,98.55,98.55,32844000,3864.0,92284500,-1572500
2021-12-07,NATIONALUM,2021-12-30,93.25,97.8,92.85,97.1,97.1,65356500,7689.0,93857000,4615500
2021-12-06,NATIONALUM,2021-12-30,91.65,93.1,90.1,90.7,90.7,12971000,1526.0,89241500,1360000
2021-12-03,NATIONALUM,2021-12-30,91.45,93.4,91.0,92.1,92.1,18606500,2189.0,87881500,323000
2021-12-02,NATIONALUM,2021-12-30,90.2,91.85,89.05,91.65,91.65,17773500,2091.0,87558500,-1258000
2021-12-01,NATIONALUM,2021-12-30,89.45,90.8,87.4,90.45,90.45,21930000,2580.0,88816500,501500
2021-11-30,NATIONALUM,2021-12-30,89.0,91.4,88.25,88.6,88.6,30285500,3563.0,88315000,756500
2021-11-29,NATIONALUM,2021-12-30,88.0,91.9,86.75,88.7,88.7,30515000,3590.0,87558500,374000
2021-11-26,NATIONALUM,2021-12-30,95.55,95.95,87.8,88.3,88.3,58692500,6905.0,87184500,-2040000
2021-11-25,NATIONALUM,2021-11-25,95.65,97.4,93.85,96.9,96.9,33294500,3917.0,3672000,-19295000
2021-11-24,NATIONALUM,2021-11-25,97.65,98.05,95.05,95.7,95.7,30668000,3608.0,22967000,-17561000
2021-11-23,NATIONALUM,2021-11-25,93.9,98.3,93.2,97.05,97.05,88366000,10396.0,40528000,-43316000
2021-11-22,NATIONALUM,2021-11-25,93.2,95.05,91.05,94.6,94.6,8406500,989.0,83844000,-6341000
2021-11-18,NATIONALUM,2021-11-25,96.9,97.4,91.75,92.85,92.85,2949500,347.0,90185000,-2898500
2021-11-17,NATIONALUM,2021-11-25,97.45,98.25,96.25,97.0,97.0,2482000,292.0,93083500,-2465000
2021-11-16,NATIONALUM,2021-11-25,97.95,99.85,97.0,97.65,97.65,2660500,313.0,95548500,-2660500
2021-11-15,NATIONALUM,2021-11-25,101.65,102.05,97.6,98.1,98.1,6621500,779.0,98209000,-6485500
2021-11-12,NATIONALUM,2021-11-25,99.75,102.2,98.6,100.75,100.75,62390000,7340.0,104694500,6375000
2021-11-11,NATIONALUM,2021-11-25,98.35,100.2,97.6,98.85,98.85,22907500,2695.0,98319500,1113500
2021-11-10,NATIONALUM,2021-11-25,101.0,101.55,98.2,98.75,98.75,33847000,3982.0,97206000,2074000
2021-11-09,NATIONALUM,2021-11-25,100.7,103.3,99.85,101.55,101.55,33745000,3970.0,95132000,3578500
2021-11-08,NATIONALUM,2021-11-25,101.0,101.55,97.55,100.5,100.5,30744500,3617.0,91553500,331500
2021-11-04,NATIONALUM,2021-11-25,101.2,101.35,99.05,99.9,99.9,4114000,484.0,91222000,-51000
2021-11-03,NATIONALUM,2021-11-25,100.85,101.8,99.6,100.35,100.35,21088500,2481.0,91273000,-144500
2021-11-02,NATIONALUM,2021-11-25,102.15,102.6,99.3,99.75,99.75,18317500,2155.0,91417500,1198500
2021-11-01,NATIONALUM,2021-11-25,98.25,102.85,98.2,101.75,101.75,38488000,4528.0,90219000,110500
2021-10-29,NATIONALUM,2021-11-25,98.1,101.0,95.65,97.05,97.05,42661500,5019.0,90108500,280500
2021-10-28,NATIONALUM,2021-10-28,97.95,100.7,94.9,98.5,98.55,45968000,2704.0,9299000,-9367000
2021-10-27,NATIONALUM,2021-10-28,107.0,107.0,100.85,101.75,101.75,35802000,2106.0,18666000,-14195000
2021-10-26,NATIONALUM,2021-10-28,104.4,107.65,102.3,107.0,107.0,55794000,3282.0,32861000,-25160000
2021-10-25,NATIONALUM,2021-10-28,105.25,106.85,100.05,104.05,104.05,55012000,3236.0,58021000,-12019000
2021-10-22,NATIONALUM,2021-10-28,106.6,107.0,101.85,103.7,103.7,3672000,216.0,70040000,-2924000
2021-10-21,NATIONALUM,2021-10-28,111.05,112.5,103.7,108.8,108.8,3213000,189.0,72964000,-2754000
2021-10-20,NATIONALUM,2021-10-28,112.0,112.5,105.55,109.7,109.7,8347000,491.0,75718000,-7497000
2021-10-19,NATIONALUM,2021-10-28,123.1,123.45,112.5,113.85,113.85,10234000,602.0,83215000,-9860000
2021-10-18,NATIONALUM,2021-10-28,111.55,129.35,111.55,122.2,122.2,209559000,12327.0,93075000,11781000
2021-10-14,NATIONALUM,2021-10-28,107.5,108.7,105.5,108.1,108.1,8432000,496.0,81294000,-5100000
2021-10-13,NATIONALUM,2021-10-28,105.0,106.2,102.85,105.35,105.35,5695000,335.0,86394000,-5525000
2021-10-12,NATIONALUM,2021-10-28,98.95,103.0,97.55,101.45,101.45,4097000,241.0,91919000,-4080000
2021-10-11,NATIONALUM,2021-10-28,97.5,98.25,96.15,96.4,96.4,1530000,90.0,95999000,-1530000
2021-10-08,NATIONALUM,2021-10-28,98.4,99.0,96.05,96.3,96.3,2856000,168.0,97529000,-2822000
2021-10-07,NATIONALUM,2021-10-28,97.65,101.0,96.6,96.8,96.8,1258000,74.0,100351000,-1224000
2021-10-06,NATIONALUM,2021-10-28,103.2,103.5,96.5,97.05,97.05,8908000,524.0,101575000,-8874000
2021-10-05,NATIONALUM,2021-10-28,103.7,106.3,102.45,102.8,102.8,86870000,5110.0,110449000,2839000
2021-10-04,NATIONALUM,2021-10-28,96.6,108.85,95.5,105.6,105.6,152235000,8955.0,107610000,17357000
2021-10-01,NATIONALUM,2021-10-28,92.8,96.5,90.15,95.95,95.95,44897000,2641.0,90253000,3077000
2021-09-30,NATIONALUM,2021-09-30,94.7,96.2,93.0,93.5,93.4,27795000,1635.0,3978000,-9826000
2021-09-29,NATIONALUM,2021-09-30,88.65,95.65,88.3,94.45,94.45,57681000,3393.0,13804000,-23443000
2021-09-28,NATIONALUM,2021-09-30,89.75,91.0,87.5,89.25,89.25,31824000,1872.0,37247000,-9826000
2021-09-27,NATIONALUM,2021-09-30,89.0,92.2,86.9,89.9,89.9,44880000,2640.0,47073000,-10132000
2021-09-24,NATIONALUM,2021-09-30,91.5,91.8,86.9,88.4,88.4,39474000,2322.0,57205000,-5185000
2021-09-23,NATIONALUM,2021-09-30,92.6,93.9,90.5,91.3,91.3,41361000,2433.0,62390000,-1496000
2021-09-22,NATIONALUM,2021-09-30,89.4,90.9,87.7,89.8,89.8,69139000,4067.0,63886000,-9571000
2021-09-21,NATIONALUM,2021-09-30,83.9,88.25,83.9,87.75,87.75,5695000,335.0,73457000,-1513000
2021-09-20,NATIONALUM,2021-09-30,90.35,91.7,84.4,84.8,84.8,8449000,497.0,74970000,-8075000
2021-09-17,NATIONALUM,2021-09-30,95.2,95.2,91.6,93.2,93.2,5321000,313.0,83045000,-5321000
2021-09-16,NATIONALUM,2021-09-30,96.1,96.1,94.4,95.3,95.3,986000,58.0,88366000,-986000
2021-09-15,NATIONALUM,2021-09-30,96.9,98.45,95.25,95.5,95.5,4182000,246.0,89352000,-3944000
2021-09-14,NATIONALUM,2021-09-30,99.0,99.6,96.2,97.1,97.1,1564000,92.0,93296000,-1564000
2021-09-13,NATIONALUM,2021-09-30,99.0,101.0,96.35,99.85,99.85,3876000,228.0,94860000,-3825000
2021-09-09,NATIONALUM,2021-09-30,96.65,97.7,93.75,97.1,97.1,2890000,170.0,98685000,-2890000
2021-09-08,NATIONALUM,2021-09-30,95.65,98.0,94.6,95.4,95.4,3927000,231.0,101575000,-3910000
2021-09-07,NATIONALUM,2021-09-30,99.0,99.0,95.05,95.4,95.4,10081000,593.0,105485000,-10030000
2021-09-06,NATIONALUM,2021-09-30,95.0,101.55,93.15,98.3,98.3,187255000,11015.0,115515000,13090000
2021-09-03,NATIONALUM,2021-09-30,89.2,94.7,88.4,93.15,93.15,89964000,5292.0,102425000,12631000
2021-09-02,NATIONALUM,2021-09-30,87.8,89.95,87.8,88.9,88.9,32810000,1930.0,89794000,1751000
2021-09-01,NATIONALUM,2021-09-30,90.8,90.9,87.25,87.85,87.85,44778000,2634.0,88043000,238000
2021-08-31,NATIONALUM,2021-09-30,87.2,90.3,86.4,90.05,90.05,60078000,3534.0,87805000,1292000
2021-08-30,NATIONALUM,2021-09-30,85.15,88.2,84.35,87.2,87.2,58514000,3442.0,86513000,5746000
2021-08-27,NATIONALUM,2021-09-30,80.5,85.85,80.3,85.4,85.4,91137000,5361.0,80767000,13090000
2021-08-26,NATIONALUM,2021-08-26,82.15,82.3,77.65,78.6,78.8,24633000,1449.0,21590000,-8976000
2021-08-25,NATIONALUM,2021-08-26,80.65,83.2,79.25,80.8,80.8,45560000,2680.0,30566000,-16779000
2021-08-24,NATIONALUM,2021-08-26,76.6,81.0,75.95,80.25,80.25,85017000,5001.0,47345000,-26180000
2021-08-23,NATIONALUM,2021-08-26,73.8,75.6,70.15,74.9,74.9,2907000,171.0,73525000,-2261000
2021-08-20,NATIONALUM,2021-08-26,75.55,76.6,71.95,73.1,73.1,7888000,464.0,75786000,-7735000
2021-08-18,NATIONALUM,2021-08-26,80.25,80.55,78.0,78.65,78.65,2227000,131.0,83521000,-2193000
2021-08-17,NATIONALUM,2021-08-26,83.45,83.45,80.25,80.6,80.6,1513000,89.0,85714000,-1513000
2021-08-16,NATIONALUM,2021-08-26,83.45,84.7,82.6,83.15,83.15,969000,57.0,87227000,-935000
2021-08-13,NATIONALUM,2021-08-26,84.65,85.45,82.0,84.05,84.05,49861000,2933.0,88162000,10625000
2021-08-12,NATIONALUM,2021-08-26,83.5,84.95,83.15,84.65,84.65,1751000,103.0,77537000,-1275000
2021-08-11,NATIONALUM,2021-08-26,80.95,82.8,78.2,82.6,82.6,4420000,260.0,78812000,-3519000
2021-08-10,NATIONALUM,2021-08-26,84.0,84.75,77.6,78.25,78.25,3638000,214.0,82331000,-3536000
2021-08-09,NATIONALUM,2021-08-26,90.05,92.0,81.95,83.05,83.05,12716000,748.0,85867000,-12189000
2021-08-06,NATIONALUM,2021-08-26,96.85,97.85,93.3,94.6,94.6,81209000,4777.0,98056000,4573000
2021-08-05,NATIONALUM,2021-08-26,94.05,97.45,91.7,97.0,97.0,60231000,3543.0,93483000,5168000
2021-08-04,NATIONALUM,2021-08-26,95.0,96.85,92.85,93.8,93.8,38675000,2275.0,88315000,-459000
2021-08-03,NATIONALUM,2021-08-26,95.05,95.8,93.65,94.75,94.75,31059000,1827.0,88774000,3366000
2021-08-02,NATIONALUM,2021-08-26,94.7,96.35,94.1,95.15,95.15,38964000,2292.0,85408000,357000
2021-07-30,NATIONALUM,2021-08-26,92.9,96.45,92.2,93.85,93.85,101048000,5944.0,85051000,7786000
2021-07-29,NATIONALUM,2021-07-29,86.15,93.6,85.4,92.95,92.95,54808000,3224.0,7259000,-17255000
2021-07-28,NATIONALUM,2021-07-29,87.4,88.35,82.65,85.5,85.5,62747000,3691.0,24514000,-21454000
2021-07-27,NATIONALUM,2021-07-29,84.7,87.75,84.1,86.8,86.8,8670000,510.0,45968000,-8432000
2021-07-26,NATIONALUM,2021-07-29,83.1,84.4,82.4,83.45,83.45,4318000,254.0,54400000,-4182000
2021-07-23,NATIONALUM,2021-07-29,85.2,85.25,82.0,82.7,82.7,1462000,86.0,58582000,-1462000
2021-07-22,NATIONALUM,2021-07-29,87.0,87.5,84.55,85.0,85.0,1207000,71.0,60044000,-1207000
2021-07-20,NATIONALUM,2021-07-29,89.0,89.0,84.35,85.35,85.35,3349000,197.0,61251000,-3349000
2021-07-19,NATIONALUM,2021-07-29,87.05,91.45,87.05,89.2,89.2,130917000,7701.0,64600000,3009000
2021-07-16,NATIONALUM,2021-07-29,85.25,88.65,85.25,88.3,88.3,3162000,186.0,61591000,-3162000
2021-07-15,NATIONALUM,2021-07-29,83.7,84.4,82.75,84.0,84.0,1122000,66.0,64753000,-1105000
2021-07-14,NATIONALUM,2021-07-29,85.4,86.15,84.35,84.65,84.65,1343000,79.0,65858000,-1343000
2021-07-13,NATIONALUM,2021-07-29,85.0,85.9,81.3,85.35,85.35,1054000,62.0,67201000,-884000
2021-07-12,NATIONALUM,2021-07-29,86.6,87.25,83.95,84.45,84.45,765000,45.0,68085000,-731000
2021-07-09,NATIONALUM,2021-07-29,83.9,85.75,83.9,85.45,85.45,1105000,65.0,68816000,-1105000
2021-07-08,NATIONALUM,2021-07-29,84.6,85.85,81.75,83.25,83.25,1292000,76.0,69921000,-1292000
2021-07-07,NATIONALUM,2021-07-29,80.65,87.0,80.65,85.05,85.05,5202000,306.0,71213000,-5151000
2021-07-06,NATIONALUM,2021-07-29,82.2,82.5,79.9,80.15,80.15,3485000,205.0,76364000,-3485000
2021-07-05,NATIONALUM,2021-07-29,79.5,82.15,79.0,81.55,81.55,3791000,223.0,79849000,-3791000
2021-07-02,NATIONALUM,2021-07-29,77.8,80.5,77.8,79.25,79.25,3213000,189.0,83640000,-3213000
2021-07-01,NATIONALUM,2021-07-29,79.25,79.25,78.05,78.3,78.3,1428000,84.0,86853000,-1428000
2021-06-30,NATIONALUM,2021-07-29,78.8,79.9,78.3,78.65,78.65,4114000,242.0,88281000,-4080000
2021-06-29,NATIONALUM,2021-07-29,81.4,82.5,77.2,77.6,77.6,19703000,1159.0,92361000,-19346000
2021-06-28,NATIONALUM,2021-07-29,75.2,82.0,74.2,80.55,80.55,244851000,14403.0,111707000,28730000
2021-06-25,NATIONALUM,2021-07-29,69.2,74.7,69.2,74.0,74.0,72012000,4236.0,82977000,6919000
2021-06-24,NATIONALUM,2021-06-24,69.4,69.85,68.0,68.3,68.45,36618000,2154.0,3094000,-24157000
2021-06-23,NATIONALUM,2021-06-24,69.7,70.85,68.8,69.1,69.1,45356000,2668.0,27251000,-13940000
2021-06-22,NATIONALUM,2021-06-24,69.4,70.9,68.85,69.05,69.05,44540000,2620.0,41191000,-14467000
2021-06-21,NATIONALUM,2021-06-24,67.4,69.1,65.45,68.85,68.85,36584000,2152.0,55658000,-11441000
2021-06-18,NATIONALUM,2021-06-24,69.0,69.5,64.95,67.55,67.55,56015000,3295.0,67099000,-11254000
2021-06-17,NATIONALUM,2021-06-24,68.0,70.75,66.6,68.65,68.65,3638000,214.0,78353000,-2023000
2021-06-16,NATIONALUM,2021-06-24,71.65,72.0,69.0,69.95,69.95,3944000,232.0,80376000,-3944000
2021-06-15,NATIONALUM,2021-06-24,71.45,72.25,71.45,72.0,72.0,918000,54.0,84320000,-918000
2021-06-14,NATIONALUM,2021-06-24,72.3,72.4,70.3,72.1,72.1,2125000,125.0,85238000,-2125000
2021-06-11,NATIONALUM,2021-06-24,71.95,72.5,70.2,72.35,72.35,952000,56.0,87363000,-952000
2021-06-10,NATIONALUM,2021-06-24,70.95,71.85,70.8,71.5,71.5,1666000,98.0,88315000,-1666000
2021-06-09,NATIONALUM,2021-06-24,72.85,73.35,69.85,70.35,70.35,6137000,361.0,89981000,-6103000
2021-06-08,NATIONALUM,2021-06-24,74.2,74.7,72.1,72.85,72.85,41055000,2415.0,96084000,4318000
2021-06-07,NATIONALUM,2021-06-24,73.6,76.2,73.15,74.6,74.6,56406000,3318.0,91766000,3978000
2021-06-04,NATIONALUM,2021-06-24,72.75,73.6,71.7,73.15,73.15,32708000,1924.0,87788000,-1649000
2021-06-03,NATIONALUM,2021-06-24,74.5,74.95,73.2,73.45,73.45,36312000,2136.0,89437000,3757000
2021-06-02,NATIONALUM,2021-06-24,72.3,73.6,72.05,73.3,73.3,30787000,1811.0,85680000,374000
2021-06-01,NATIONALUM,2021-06-24,73.35,74.65,72.35,72.8,72.8,28764000,1692.0,85306000,357000
2021-05-31,NATIONALUM,2021-06-24,72.0,74.8,71.65,74.2,74.2,47702000,2806.0,84949000,1496000
2021-05-28,NATIONALUM,2021-06-24,76.0,76.8,72.0,72.4,72.4,61438000,3614.0,83453000,3060000
2021-05-27,NATIONALUM,2021-05-27,72.0,74.5,71.05,73.8,73.8,30855000,1815.0,3587000,-13668000
2021-05-26,NATIONALUM,2021-05-27,72.4,73.4,70.25,71.75,71.75,42670000,2510.0,17255000,-17289000
2021-05-25,NATIONALUM,2021-05-27,74.8,75.95,71.85,72.6,72.6,70584000,4152.0,34544000,-26928000
2021-05-24,NATIONALUM,2021-05-27,70.65,74.0,69.45,73.65,73.65,5100000,300.0,61472000,-3349000
2021-05-21,NATIONALUM,2021-05-27,71.25,72.8,70.45,70.75,70.75,1581000,93.0,64821000,-1581000
2021-05-20,NATIONALUM,2021-05-27,71.6,73.75,69.1,71.7,71.7,4658000,274.0,66402000,-4437000
2021-05-19,NATIONALUM,2021-05-27,75.3,75.5,73.55,73.95,73.95,4080000,240.0,70839000,-4029000
2021-05-18,NATIONALUM,2021-05-27,77.9,79.2,75.55,76.35,76.35,65943000,3879.0,74868000,-2142000
2021-05-17,NATIONALUM,2021-05-27,71.55,76.65,70.15,76.35,76.35,71179000,4187.0,77010000,2873000
2021-05-14,NATIONALUM,2021-05-27,77.45,77.45,69.25,71.7,71.7,83810000,4930.0,74137000,2465000
2021-05-12,NATIONALUM,2021-05-27,80.45,82.0,73.0,75.1,75.1,10999000,647.0,71672000,-4080000
2021-05-11,NATIONALUM,2021-05-27,78.6,81.85,77.4,79.75,79.75,5780000,340.0,75752000,-5661000
2021-05-10,NATIONALUM,2021-05-27,78.0,82.25,77.2,81.7,81.7,21284000,1252.0,81413000,-20451000
2021-05-07,NATIONALUM,2021-05-27,70.65,78.85,70.1,76.4,76.4,216597000,12741.0,101864000,16184000
2021-05-06,NATIONALUM,2021-05-27,67.85,70.2,67.4,69.05,69.05,62866000,3698.0,85680000,918000
2021-05-05,NATIONALUM,2021-05-27,68.0,68.65,66.8,67.2,67.2,39678000,2334.0,84762000,391000
2021-05-04,NATIONALUM,2021-05-27,68.8,70.5,66.45,67.0,67.0,81447000,4791.0,84371000,1700000
2021-05-03,NATIONALUM,2021-05-27,64.7,69.0,64.3,68.1,68.1,77282000,4546.0,82671000,170000
2021-04-30,NATIONALUM,2021-05-27,64.1,66.8,64.05,64.9,64.9,83232000,4896.0,82501000,-1870000
2021-04-29,NATIONALUM,2021-04-29,61.7,64.95,61.2,64.7,64.75,40239000,2367.0,6273000,-17969000
2021-04-28,NATIONALUM,2021-04-29,61.75,61.9,59.85,61.05,61.05,44217000,2601.0,24242000,-18496000
2021-04-27,NATIONALUM,2021-04-29,58.2,61.8,58.2,61.05,61.05,83419000,4907.0,42738000,-18785000
2021-04-26,NATIONALUM,2021-04-29,57.2,58.75,57.05,57.95,57.95,26605000,1565.0,61523000,-4335000
2021-04-23,NATIONALUM,2021-04-29,56.75,58.25,55.9,56.7,56.7,26299000,1547.0,65858000,-2261000
2021-04-22,NATIONALUM,2021-04-29,56.45,57.75,56.15,56.85,56.85,16592000,976.0,68119000,-2244000
2021-04-20,NATIONALUM,2021-04-29,58.3,58.8,56.0,56.7,56.7,18139000,1067.0,70363000,-969000
2021-04-19,NATIONALUM,2021-04-29,58.8,58.8,56.0,57.45,57.45,27455000,1615.0,71332000,-1479000
2021-04-16,NATIONALUM,2021-04-29,58.8,60.9,58.25,59.2,59.2,60095000,3535.0,72811000,3553000
2021-04-15,NATIONALUM,2021-04-29,56.5,58.65,56.2,58.3,58.3,47974000,2822.0,69258000,1598000
2021-04-13,NATIONALUM,2021-04-29,54.75,56.3,53.75,56.1,56.1,26418000,1554.0,67660000,-1564000
2021-04-12,NATIONALUM,2021-04-29,57.7,57.7,52.75,53.9,53.9,37094000,2182.0,69224000,-5100000
2021-04-09,NATIONALUM,2021-04-29,61.0,61.7,59.2,59.7,59.7,32147000,1891.0,74324000,-1326000
2021-04-08,NATIONALUM,2021-04-29,59.9,62.2,59.9,60.75,60.75,60435000,3555.0,75650000,1717000
2021-04-07,NATIONALUM,2021-04-29,59.9,61.1,58.85,59.5,59.5,35598000,2094.0,73933000,-272000
2021-04-06,NATIONALUM,2021-04-29,58.5,60.4,57.85,59.6,59.6,47328000,2784.0,74205000,4437000
2021-04-05,NATIONALUM,2021-04-29,59.3,59.75,55.9,58.1,58.1,47294000,2782.0,69768000,-2669000
2021-04-01,NATIONALUM,2021-04-29,54.85,59.65,54.85,59.3,59.3,65025000,3825.0,72437000,7514000
2021-03-31,NATIONALUM,2021-04-29,54.45,55.65,53.85,54.35,54.35,17629000,1037.0,64923000,901000
2021-03-30,NATIONALUM,2021-04-29,54.6,55.45,54.15,54.55,54.55,22253000,1309.0,64022000,1615000
2021-03-26,NATIONALUM,2021-04-29,53.5,54.65,52.65,54.1,54.1,35105000,2065.0,62407000,1921000
2021-03-25,NATIONALUM,2021-03-25,53.35,53.35,50.8,52.1,52.0,36584000,2152.0,4352000,-20094000
2021-03-24,NATIONALUM,2021-03-25,53.85,54.2,53.1,53.35,53.35,30770000,1810.0,24446000,-13515000
2021-03-23,NATIONALUM,2021-03-25,54.45,56.0,53.95,54.85,54.85,55879000,3287.0,37961000,-13073000
2021-03-22,NATIONALUM,2021-03-25,53.95,55.25,53.95,54.5,54.5,27914000,1642.0,51034000,-8007000
2021-03-19,NATIONALUM,2021-03-25,54.7,54.9,51.65,54.05,54.05,50133000,2949.0,59041000,-4131000
2021-03-18,NATIONALUM,2021-03-25,55.5,56.15,53.6,55.05,55.05,35751000,2103.0,63172000,-2108000
2021-03-17,NATIONALUM,2021-03-25,57.45,57.45,54.25,54.55,54.55,20383000,1199.0,65280000,-68000
2021-03-16,NATIONALUM,2021-03-25,58.4,58.65,56.95,57.5,57.5,19040000,1120.0,65348000,85000
2021-03-15,NATIONALUM,2021-03-25,57.7,58.4,56.25,58.15,58.15,32181000,1893.0,65263000,-204000
2021-03-12,NATIONALUM,2021-03-25,58.9,59.6,56.8,57.6,57.6,25551000,1503.0,65467000,-833000
2021-03-10,NATIONALUM,2021-03-25,58.55,59.2,56.8,58.3,58.3,32419000,1907.0,66300000,2822000
2021-03-09,NATIONALUM,2021-03-25,60.25,60.6,56.75,57.8,57.8,27489000,1617.0,63478000,935000
2021-03-08,NATIONALUM,2021-03-25,58.4,60.9,58.3,59.9,59.9,45866000,2698.0,62543000,-1411000
2021-03-05,NATIONALUM,2021-03-25,60.5,61.1,56.9,57.9,57.9,46920000,2760.0,63954000,323000
2021-03-04,NATIONALUM,2021-03-25,61.05,61.8,59.6,61.15,61.15,38420000,2260.0,63631000,1088000
2021-03-03,NATIONALUM,2021-03-25,60.2,64.2,60.2,62.35,62.35,69445000,4085.0,62543000,510000
2021-03-02,NATIONALUM,2021-03-25,60.2,60.7,58.6,59.25,59.25,30243000,1779.0,62033000,1853000
2021-03-01,NATIONALUM,2021-03-25,60.95,61.4,58.55,59.8,59.8,60928000,3584.0,60180000,-425000
2021-02-26,NATIONALUM,2021-03-25,56.05,61.4,56.0,60.15,60.15,108562000,6386.0,60605000,-850000
2021-02-25,NATIONALUM,2021-02-25,56.0,57.75,55.75,57.35,57.25,43214000,2542.0,9724000,-9639000
2021-02-24,NATIONALUM,2021-02-25,55.45,56.1,54.15,55.0,55.0,19397000,1141.0,19363000,-4709000
2021-02-23,NATIONALUM,2021-02-25,52.9,55.9,52.8,55.3,55.3,81447000,4791.0,24072000,-14161000
2021-02-22,NATIONALUM,2021-02-25,51.8,54.1,51.8,52.55,52.55,50609000,2977.0,38233000,-6596000
2021-02-19,NATIONALUM,2021-02-25,51.7,53.45,50.9,51.85,51.85,45543000,2679.0,44829000,-2499000
2021-02-18,NATIONALUM,2021-02-25,51.5,52.8,51.1,52.3,52.3,42925000,2525.0,47328000,-969000
2021-02-17,NATIONALUM,2021-02-25,50.1,51.3,49.8,50.75,50.75,32912000,1936.0,48297000,-3298000
2021-02-16,NATIONALUM,2021-02-25,48.8,50.65,48.65,50.4,50.4,36363000,2139.0,51595000,-2805000
2021-02-15,NATIONALUM,2021-02-25,49.7,49.8,48.5,48.75,48.75,29274000,1722.0,54400000,-816000
2021-02-12,NATIONALUM,2021-02-25,50.9,51.0,48.45,48.95,48.95,45016000,2648.0,55216000,4403000
2021-02-11,NATIONALUM,2021-02-25,49.25,51.2,49.1,50.85,50.85,30209000,1777.0,50813000,1598000
2021-02-10,NATIONALUM,2021-02-25,49.25,50.35,48.9,49.4,49.4,30447000,1791.0,49215000,-238000
2021-02-09,NATIONALUM,2021-02-25,50.65,51.0,49.2,49.45,49.45,34493000,2029.0,49453000,833000
2021-02-08,NATIONALUM,2021-02-25,50.55,51.6,50.5,50.75,50.75,18649000,1097.0,48620000,-476000
2021-02-05,NATIONALUM,2021-02-25,50.65,52.2,49.8,50.5,50.5,109276000,6428.0,49096000,-1496000
2021-02-04,NATIONALUM,2021-02-25,50.15,51.75,50.05,51.1,51.1,38845000,2285.0,50592000,289000
2021-02-03,NATIONALUM,2021-02-25,50.1,50.85,49.45,50.25,50.25,36958000,2174.0,50303000,-4403000
2021-02-02,NATIONALUM,2021-02-25,49.0,50.75,48.85,49.75,49.75,49249000,2897.0,54706000,289000
2021-02-01,NATIONALUM,2021-02-25,47.55,49.1,46.6,48.85,48.85,47685000,2805.0,54417000,1258000
2021-01-29,NATIONALUM,2021-02-25,46.9,47.95,46.05,47.35,47.35,47124000,2772.0,53159000,-2006000
2021-01-28,NATIONALUM,2021-01-28,47.45,48.25,46.05,46.95,47.0,62560000,3680.0,14909000,-19108000
2021-01-27,NATIONALUM,2021-01-28,45.3,48.1,45.1,47.9,47.9,12257000,721.0,34017000,-11628000
2021-01-25,NATIONALUM,2021-01-28,47.1,47.1,45.5,46.3,46.3,4063000,239.0,45645000,-4012000
2021-01-22,NATIONALUM,2021-01-28,48.7,49.3,46.35,46.65,46.65,73746000,4338.0,49657000,-7718000
2021-01-21,NATIONALUM,2021-01-28,46.15,49.1,45.15,47.85,47.85,81192000,4776.0,57375000,-272000
2021-01-20,NATIONALUM,2021-01-28,46.35,46.55,45.25,45.75,45.75,22576000,1328.0,57647000,-476000
2021-01-19,NATIONALUM,2021-01-28,44.0,45.35,44.0,45.15,45.15,25296000,1488.0,58123000,-3179000
2021-01-18,NATIONALUM,2021-01-28,45.3,45.4,43.25,43.55,43.55,25500000,1500.0,61302000,-1088000
2021-01-15,NATIONALUM,2021-01-28,46.2,47.1,44.7,45.5,45.5,36516000,2148.0,62390000,-2873000
2021-01-14,NATIONALUM,2021-01-28,47.1,47.2,45.8,46.2,46.2,19720000,1160.0,65263000,1020000
2021-01-13,NATIONALUM,2021-01-28,48.3,48.45,46.15,47.0,47.0,32419000,1907.0,64243000,2176000
2021-01-12,NATIONALUM,2021-01-28,47.1,48.7,46.3,47.95,47.95,38131000,2243.0,62067000,-493000
2021-01-11,NATIONALUM,2021-01-28,48.2,48.6,46.1,47.05,47.05,29376000,1728.0,62560000,2040000
2021-01-08,NATIONALUM,2021-01-28,49.1,50.15,47.75,47.95,47.95,51340000,3020.0,60520000,-1904000
2021-01-07,NATIONALUM,2021-01-28,48.45,49.1,47.95,48.35,48.35,45594000,2682.0,62424000,799000
2021-01-06,NATIONALUM,2021-01-28,46.6,47.8,45.95,47.4,47.4,42534000,2502.0,61625000,2057000
2021-01-05,NATIONALUM,2021-01-28,46.95,47.65,46.1,46.45,46.45,29835000,1755.0,59568000,1037000
2021-01-04,NATIONALUM,2021-01-28,45.2,47.6,45.2,47.35,47.35,60248000,3544.0,58531000,3587000
2021-01-01,NATIONALUM,2021-01-28,43.05,45.15,43.0,44.55,44.55,32300000,1900.0,54944000,2601000
2020-12-31,NATIONALUM,2020-12-31,41.7,43.9,41.55,43.15,43.1,30991000,1823.0,2771000,-14586000
2020-12-30,NATIONALUM,2020-12-31,42.1,42.25,41.05,41.6,41.6,33303000,1959.0,17357000,-15861000
2020-12-29,NATIONALUM,2020-12-31,42.8,42.8,41.5,42.05,42.05,23800000,1400.0,33218000,-8636000
2020-12-28,NATIONALUM,2020-12-31,41.2,42.8,41.1,42.6,42.6,35190000,2070.0,41854000,-3247000
2020-12-24,NATIONALUM,2020-12-31,41.5,42.7,40.7,40.9,40.9,24650000,1450.0,45101000,612000
2020-12-23,NATIONALUM,2020-12-31,39.7,41.45,39.5,41.2,41.2,21386000,1258.0,44489000,646000
2020-12-22,NATIONALUM,2020-12-31,39.45,40.2,37.5,39.95,39.95,30651000,1803.0,43843000,-2023000
2020-12-21,NATIONALUM,2020-12-31,43.7,43.75,38.75,39.2,39.2,51221000,3013.0,45866000,-4981000
2020-12-18,NATIONALUM,2020-12-31,43.7,44.05,42.2,43.75,43.75,23307000,1371.0,50847000,-1513000
2020-12-17,NATIONALUM,2020-12-31,44.8,45.2,43.15,43.45,43.45,29138000,1714.0,52360000,-986000
2020-12-16,NATIONALUM,2020-12-31,43.35,44.8,43.15,44.55,44.55,42483000,2499.0,53346000,3604000
2020-12-15,NATIONALUM,2020-12-31,43.2,43.35,42.3,43.05,43.05,14824000,872.0,49742000,-561000
2020-12-14,NATIONALUM,2020-12-31,42.85,43.65,42.6,43.35,43.35,17459000,1027.0,50303000,1938000
2020-12-11,NATIONALUM,2020-12-31,42.25,44.1,42.25,42.85,42.85,69513000,4089.0,48365000,5661000
2020-12-10,NATIONALUM,2020-12-31,42.05,42.4,40.6,42.05,42.05,19329000,1137.0,42704000,340000
2020-12-09,NATIONALUM,2020-12-31,42.9,43.35,42.1,42.25,42.25,19397000,1141.0,42364000,-544000
2020-12-08,NATIONALUM,2020-12-31,43.9,43.95,41.6,42.6,42.6,28390000,1670.0,42908000,-1105000
2020-12-07,NATIONALUM,2020-12-31,42.7,44.6,42.65,43.35,43.35,37723000,2219.0,44013000,-1054000
2020-12-04,NATIONALUM,2020-12-31,42.35,43.9,41.6,42.55,42.55,43996000,2588.0,45067000,2499000
2020-12-03,NATIONALUM,2020-12-31,42.45,42.75,41.6,42.3,42.3,25585000,1505.0,42568000,1071000
2020-12-02,NATIONALUM,2020-12-31,40.5,43.4,40.3,41.85,41.85,65331000,3843.0,41497000,6919000
2020-12-01,NATIONALUM,2020-12-31,40.0,40.15,38.8,39.9,39.9,28696000,1688.0,34578000,306000
2020-11-27,NATIONALUM,2020-12-31,38.0,40.0,37.45,38.8,38.8,84949000,4997.0,34272000,9656000
2020-11-26,NATIONALUM,2020-11-26,36.0,38.1,35.45,37.65,37.7,19703000,1159.0,11679000,-14195000
2020-11-25,NATIONALUM,2020-11-26,36.35,36.6,35.3,35.85,35.85,4437000,261.0,25874000,-4437000
2020-11-24,NATIONALUM,2020-11-26,36.6,36.8,36.25,36.4,36.4,1989000,117.0,30311000,-1989000
2020-11-23,NATIONALUM,2020-11-26,36.7,37.1,36.35,36.5,36.5,2414000,142.0,32300000,-2397000
2020-11-20,NATIONALUM,2020-11-26,37.1,37.5,35.95,36.65,36.65,21828000,1284.0,34697000,-1479000
2020-11-19,NATIONALUM,2020-11-26,35.2,38.35,35.2,36.75,36.75,35581000,2093.0,36176000,-1632000
2020-11-18,NATIONALUM,2020-11-26,36.65,37.25,35.75,36.05,36.05,30736000,1808.0,37808000,-1156000
2020-11-17,NATIONALUM,2020-11-26,35.35,36.7,35.35,36.6,36.6,40256000,2368.0,38964000,-4726000
2020-11-14,NATIONALUM,2020-11-26,35.35,35.5,34.95,35.05,35.05,7310000,430.0,43690000,510000
2020-11-13,NATIONALUM,2020-11-26,33.45,35.15,33.45,34.95,34.95,19652000,1156.0,43180000,-527000
2020-11-12,NATIONALUM,2020-11-26,35.0,35.25,33.7,34.1,34.1,27234000,1602.0,43707000,1785000
2020-11-11,NATIONALUM,2020-11-26,33.75,34.65,33.2,34.5,34.5,20995000,1235.0,41922000,748000
2020-11-10,NATIONALUM,2020-11-26,33.6,34.1,33.1,33.85,33.85,14348000,844.0,41174000,-1921000
2020-11-09,NATIONALUM,2020-11-26,32.95,33.5,32.35,33.35,33.35,16949000,997.0,43095000,357000
2020-11-06,NATIONALUM,2020-11-26,32.75,32.85,32.15,32.7,32.7,12988000,764.0,42738000,-1275000
2020-11-05,NATIONALUM,2020-11-26,30.65,33.0,30.65,32.65,32.65,50133000,2949.0,44013000,-1088000
2020-11-04,NATIONALUM,2020-11-26,30.45,30.7,30.1,30.45,30.45,8466000,498.0,45101000,816000
2020-11-03,NATIONALUM,2020-11-26,30.45,30.6,30.15,30.45,30.45,7208000,424.0,44285000,17000
2020-11-02,NATIONALUM,2020-11-26,30.5,30.7,30.0,30.15,30.15,15674000,922.0,44268000,1377000
2020-10-30,NATIONALUM,2020-11-26,30.35,31.25,29.85,30.4,30.4,23409000,1377.0,42891000,1802000
2020-10-29,NATIONALUM,2020-10-29,29.75,30.2,29.6,30.0,30.05,21318000,1254.0,4862000,-7650000
2020-10-28,NATIONALUM,2020-10-29,30.3,30.75,29.95,30.25,30.25,41752000,2456.0,12512000,-22899000
2020-10-27,NATIONALUM,2020-10-29,30.15,30.75,30.15,30.35,30.35,1275000,75.0,35411000,-1275000
2020-10-26,NATIONALUM,2020-10-29,31.25,32.2,30.6,31.05,31.05,6341000,373.0,36686000,-6341000
2020-10-23,NATIONALUM,2020-10-29,30.65,30.75,30.35,30.7,30.7,697000,41.0,43027000,-697000
2020-10-22,NATIONALUM,2020-10-29,30.7,30.7,29.55,30.45,30.45,748000,44.0,43724000,-748000
2020-10-21,NATIONALUM,2020-10-29,31.15,31.6,30.3,30.75,30.75,1666000,98.0,44472000,-1666000
2020-10-20,NATIONALUM,2020-10-29,31.2,31.35,30.75,31.2,31.2,1122000,66.0,46138000,-1088000
2020-10-19,NATIONALUM,2020-10-29,31.2,31.55,30.4,31.5,31.5,34017000,2001.0,47226000,1173000
2020-10-16,NATIONALUM,2020-10-29,30.0,30.9,29.65,30.7,30.7,16864000,992.0,46053000,-34000
2020-10-15,NATIONALUM,2020-10-29,29.9,30.35,29.6,29.8,29.8,11339000,667.0,46087000,-442000
2020-10-14,NATIONALUM,2020-10-29,30.35,30.4,29.2,29.9,29.9,19023000,1119.0,46529000,901000
2020-10-13,NATIONALUM,2020-10-29,30.55,30.8,30.25,30.35,30.35,9928000,584.0,45628000,969000
2020-10-12,NATIONALUM,2020-10-29,31.6,32.05,30.6,30.7,30.7,19244000,1132.0,44659000,1632000
2020-10-09,NATIONALUM,2020-10-29,31.25,32.15,31.15,31.45,31.45,42738000,2514.0,43027000,-816000
2020-10-08,NATIONALUM,2020-10-29,31.75,31.9,30.65,31.05,31.05,90270000,5310.0,43843000,986000
2020-10-07,NATIONALUM,2020-10-29,31.8,31.95,31.2,31.55,31.55,16337000,961.0,42857000,935000
2020-10-06,NATIONALUM,2020-10-29,32.75,32.75,31.75,31.9,31.9,9690000,570.0,41922000,697000
2020-10-05,NATIONALUM,2020-10-29,32.5,33.0,32.25,32.5,32.5,9945000,585.0,41225000,-255000
2020-10-01,NATIONALUM,2020-10-29,32.6,33.5,32.05,32.25,32.25,21760000,1280.0,41480000,901000
2020-09-30,NATIONALUM,2020-10-29,33.15,33.35,32.0,32.3,32.3,20910000,1230.0,40579000,1309000
2020-09-29,NATIONALUM,2020-10-29,32.95,33.3,32.1,33.1,33.1,20026000,1178.0,39270000,-221000
2020-09-28,NATIONALUM,2020-10-29,32.25,33.05,32.15,32.85,32.85,19873000,1169.0,39491000,-527000
2020-09-25,NATIONALUM,2020-10-29,30.2,32.0,30.2,31.9,31.9,17442000,1026.0,40018000,-884000
2020-09-24,NATIONALUM,2020-09-24,31.35,31.4,29.8,29.95,30.05,23086000,1358.0,2482000,-11798000
2020-09-23,NATIONALUM,2020-09-24,32.5,32.5,31.5,31.85,31.85,29988000,1764.0,14280000,-8364000
2020-09-22,NATIONALUM,2020-09-24,33.4,33.4,31.55,32.0,32.0,22916000,1348.0,22644000,-3791000
2020-09-21,NATIONALUM,2020-09-24,35.0,35.15,32.8,33.1,33.1,24905000,1465.0,26435000,-6239000
2020-09-18,NATIONALUM,2020-09-24,34.7,35.5,34.05,35.0,35.0,27166000,1598.0,32674000,-1921000
2020-09-17,NATIONALUM,2020-09-24,34.05,34.7,33.75,34.55,34.55,18292000,1076.0,34595000,-3094000
2020-09-16,NATIONALUM,2020-09-24,34.35,34.8,33.8,34.7,34.7,13396000,788.0,37689000,-918000
2020-09-15,NATIONALUM,2020-09-24,35.3,35.45,34.3,34.45,34.45,13617000,801.0,38607000,1513000
2020-09-14,NATIONALUM,2020-09-24,35.45,36.55,35.0,35.4,35.4,32963000,1939.0,37094000,544000
2020-09-11,NATIONALUM,2020-09-24,34.75,35.1,34.35,35.0,35.0,9231000,543.0,36550000,323000
2020-09-10,NATIONALUM,2020-09-24,34.65,34.95,33.75,34.45,34.45,17459000,1027.0,36227000,-1547000
2020-09-09,NATIONALUM,2020-09-24,34.2,34.3,32.95,34.0,34.0,27166000,1598.0,37774000,2975000
2020-09-08,NATIONALUM,2020-09-24,36.3,36.4,34.5,34.85,34.85,15385000,905.0,34799000,119000
2020-09-07,NATIONALUM,2020-09-24,36.4,37.0,35.15,36.3,36.3,18836000,1108.0,34680000,-391000
2020-09-04,NATIONALUM,2020-09-24,36.6,37.45,36.25,36.4,36.4,11832000,696.0,35071000,153000
2020-09-03,NATIONALUM,2020-09-24,37.55,38.15,37.1,37.5,37.5,11662000,686.0,34918000,357000
2020-09-02,NATIONALUM,2020-09-24,37.0,37.8,36.6,37.6,37.6,10965000,645.0,34561000,714000
2020-09-01,NATIONALUM,2020-09-24,35.95,37.45,35.85,37.3,37.3,14722000,866.0,33847000,714000
2020-08-31,NATIONALUM,2020-09-24,38.0,38.25,35.8,35.95,35.95,17646000,1038.0,33133000,-153000
2020-08-28,NATIONALUM,2020-09-24,37.35,38.3,37.35,37.75,37.75,10115000,595.0,33286000,425000
2020-08-27,NATIONALUM,2020-08-27,38.05,38.7,36.95,37.1,37.1,42993000,2529.0,1955000,-28662000
2020-08-26,NATIONALUM,2020-08-27,35.9,37.85,35.9,37.6,37.6,3978000,234.0,30617000,-2652000
2020-08-25,NATIONALUM,2020-08-27,37.7,37.75,36.0,37.05,37.05,2363000,139.0,33269000,-2363000
2020-08-24,NATIONALUM,2020-08-27,38.3,38.5,37.55,37.65,37.65,1938000,114.0,35632000,-1887000
2020-08-21,NATIONALUM,2020-08-27,39.75,40.0,37.75,38.0,38.0,3706000,218.0,37519000,-3604000
2020-08-20,NATIONALUM,2020-08-27,38.25,40.15,38.15,39.25,39.25,36125000,2125.0,41123000,119000
2020-08-19,NATIONALUM,2020-08-27,36.8,39.3,36.65,38.85,38.85,58072000,3416.0,41004000,1309000
2020-08-18,NATIONALUM,2020-08-27,36.0,36.9,35.85,36.3,36.3,27676000,1628.0,39695000,-2516000
2020-08-17,NATIONALUM,2020-08-27,35.3,36.0,35.0,35.85,35.85,18513000,1089.0,42211000,2618000
2020-08-14,NATIONALUM,2020-08-27,35.45,36.35,34.75,35.25,35.25,23698000,1394.0,39593000,170000
2020-08-13,NATIONALUM,2020-08-27,36.05,36.05,34.95,35.45,35.45,12478000,734.0,39423000,-221000
2020-08-12,NATIONALUM,2020-08-27,35.1,35.2,34.7,35.1,35.1,9605000,565.0,39644000,-255000
2020-08-11,NATIONALUM,2020-08-27,35.45,36.5,35.3,35.65,35.65,23885000,1405.0,39899000,1139000
2020-08-10,NATIONALUM,2020-08-27,35.3,35.35,34.8,35.05,35.05,8500000,500.0,38760000,680000
2020-08-07,NATIONALUM,2020-08-27,34.9,35.5,34.7,35.05,35.05,16898000,994.0,38080000,-1377000
2020-08-06,NATIONALUM,2020-08-27,34.9,35.45,34.55,35.05,35.05,22729000,1337.0,39457000,-357000
2020-08-05,NATIONALUM,2020-08-27,33.5,35.3,33.35,34.85,34.85,34663000,2039.0,39814000,1989000
2020-08-04,NATIONALUM,2020-08-27,33.1,33.35,32.85,33.15,33.15,5865000,345.0,37825000,102000
2020-08-03,NATIONALUM,2020-08-27,32.8,33.45,32.7,32.9,32.9,16065000,945.0,37723000,476000
2020-07-31,NATIONALUM,2020-08-27,32.65,33.1,32.3,33.0,33.0,7021000,413.0,37247000,0
2020-07-30,NATIONALUM,2020-07-30,33.55,33.6,32.0,32.45,32.5,23630000,1390.0,2567000,-11050000
2020-07-29,NATIONALUM,2020-07-30,33.8,34.2,33.2,33.35,33.35,17034000,1002.0,13617000,-7548000
2020-07-28,NATIONALUM,2020-07-30,33.4,33.95,33.3,33.75,33.75,23987000,1411.0,21165000,-9945000
2020-07-27,NATIONALUM,2020-07-30,32.85,33.45,31.75,33.15,33.15,2227000,131.0,31110000,-1683000
2020-07-24,NATIONALUM,2020-07-30,33.6,33.9,32.35,33.45,33.45,2295000,135.0,32793000,-2261000
2020-07-23,NATIONALUM,2020-07-30,34.0,34.35,33.8,34.0,34.0,833000,49.0,35054000,-833000
2020-07-22,NATIONALUM,2020-07-30,33.65,34.5,33.6,34.0,34.0,731000,43.0,35887000,-731000
2020-07-21,NATIONALUM,2020-07-30,33.8,34.4,33.5,33.85,33.85,1190000,70.0,36618000,-1139000
2020-07-20,NATIONALUM,2020-07-30,34.2,34.35,33.75,33.9,33.9,1071000,63.0,37757000,-1054000
2020-07-17,NATIONALUM,2020-07-30,34.45,35.3,34.3,34.55,34.55,24922000,1466.0,38811000,2788000
2020-07-16,NATIONALUM,2020-07-30,33.7,34.1,32.85,33.95,33.95,13260000,780.0,36023000,340000
2020-07-15,NATIONALUM,2020-07-30,34.6,35.05,33.6,33.8,33.8,13549000,797.0,35683000,748000
2020-07-14,NATIONALUM,2020-07-30,35.6,35.75,33.95,34.15,34.15,15453000,909.0,34935000,-306000
2020-07-13,NATIONALUM,2020-07-30,37.15,37.3,35.5,35.9,35.9,16252000,956.0,35241000,408000
2020-07-10,NATIONALUM,2020-07-30,36.65,37.2,35.8,36.6,36.6,21233000,1249.0,34833000,-510000
2020-07-09,NATIONALUM,2020-07-30,36.05,37.6,36.05,36.9,36.9,40494000,2382.0,35343000,-2635000
2020-07-08,NATIONALUM,2020-07-30,33.5,37.05,33.5,35.9,35.9,76500000,4500.0,37978000,3162000
2020-07-07,NATIONALUM,2020-07-30,33.5,33.85,32.7,33.65,33.65,17323000,1019.0,34816000,-357000
2020-07-06,NATIONALUM,2020-07-30,32.8,33.65,32.5,33.55,33.55,13209000,777.0,35173000,-153000
2020-07-03,NATIONALUM,2020-07-30,33.25,33.35,32.3,32.5,32.5,12410000,730.0,35326000,136000
2020-07-02,NATIONALUM,2020-07-30,31.9,33.0,31.55,32.65,32.65,16779000,987.0,35190000,-1071000
2020-07-01,NATIONALUM,2020-07-30,31.55,32.1,31.15,31.75,31.75,8874000,522.0,36261000,952000
2020-06-30,NATIONALUM,2020-07-30,32.3,32.65,31.35,31.7,31.7,13566000,798.0,35309000,1258000
2020-06-29,NATIONALUM,2020-07-30,33.45,33.75,31.25,31.9,31.9,28696000,1688.0,34051000,-3111000
2020-06-26,NATIONALUM,2020-07-30,34.3,35.1,33.05,33.6,33.6,23052000,1356.0,37162000,1275000
2020-06-25,NATIONALUM,2020-06-25,31.9,34.75,31.9,34.1,34.1,14718600,1258.0,1977300,-5943600
2020-06-24,NATIONALUM,2020-06-25,34.1,34.5,32.2,32.35,32.35,21212100,1813.0,7920900,-5955300
2020-06-23,NATIONALUM,2020-06-25,32.75,34.0,32.4,33.75,33.75,32397300,2769.0,13876200,-12015900
2020-06-22,NATIONALUM,2020-06-25,31.3,32.65,30.75,32.4,32.4,30735900,2627.0,25892100,-5931900
2020-06-19,NATIONALUM,2020-06-25,30.7,31.4,30.45,30.85,30.85,32935500,2815.0,31824000,-386100
2020-06-18,NATIONALUM,2020-06-25,29.3,30.5,29.3,30.35,30.35,11992500,1025.0,32210100,-292500
2020-06-17,NATIONALUM,2020-06-25,29.5,30.3,29.2,29.3,29.3,12273300,1049.0,32502600,900900
2020-06-16,NATIONALUM,2020-06-25,30.5,31.25,29.45,29.85,29.85,16660800,1424.0,31601700,1053000
2020-06-15,NATIONALUM,2020-06-25,30.85,31.4,29.9,30.05,30.05,12940200,1106.0,30548700,1930500
2020-06-12,NATIONALUM,2020-06-25,30.2,31.7,29.75,31.5,31.5,11910600,1018.0,28618200,526500
2020-06-11,NATIONALUM,2020-06-25,32.45,32.8,30.95,31.2,31.2,12179700,1041.0,28091700,-1614600
2020-06-10,NATIONALUM,2020-06-25,32.85,32.9,32.1,32.45,32.45,7183800,614.0,29706300,374400
2020-06-09,NATIONALUM,2020-06-25,33.1,33.55,32.25,32.6,32.6,26886600,2298.0,29331900,-327600
2020-06-08,NATIONALUM,2020-06-25,33.5,34.3,32.35,32.95,32.95,22487400,1922.0,29659500,-2024100
2020-06-05,NATIONALUM,2020-06-25,30.7,33.1,30.65,32.85,32.85,35895600,3068.0,31683600,2223000
2020-06-04,NATIONALUM,2020-06-25,30.8,31.15,30.1,30.55,30.55,8634600,738.0,29460600,573300
2020-06-03,NATIONALUM,2020-06-25,31.5,31.55,30.75,31.15,31.15,15397200,1316.0,28887300,-1322100
2020-06-02,NATIONALUM,2020-06-25,29.5,31.75,29.5,31.05,31.05,30127500,2575.0,30209400,1743300
2020-06-01,NATIONALUM,2020-06-25,29.95,30.9,29.65,29.9,29.9,18907200,1616.0,28466100,2866500
2020-05-29,NATIONALUM,2020-06-25,28.5,30.15,28.35,29.4,29.4,12881700,1101.0,25599600,1649700
2020-05-28,NATIONALUM,2020-05-28,29.35,29.8,29.05,29.35,29.35,13396500,1145.0,1918800,-6949800
2020-05-27,NATIONALUM,2020-05-28,27.85,29.4,27.85,29.0,29.0,16227900,1387.0,8868600,-7008300
2020-05-26,NATIONALUM,2020-05-28,27.6,27.85,27.3,27.75,27.75,14098500,1205.0,15876900,-6610500
2020-05-22,NATIONALUM,2020-05-28,27.75,28.0,26.85,27.0,27.0,8283600,708.0,22487400,280800
2020-05-21,NATIONALUM,2020-05-28,27.7,28.4,27.7,28.1,28.1,7324200,626.0,22206600,-760500
2020-05-20,NATIONALUM,2020-05-28,27.95,28.3,27.75,27.95,27.95,4106700,351.0,22967100,-140400
2020-05-19,NATIONALUM,2020-05-28,27.9,28.55,27.7,28.0,28.0,7441200,636.0,23107500,-924300
2020-05-18,NATIONALUM,2020-05-28,29.05,29.45,27.35,27.55,27.55,8751600,748.0,24031800,269100
2020-05-15,NATIONALUM,2020-05-28,28.6,29.3,28.3,29.0,29.0,10951200,936.0,23762700,1673100
2020-05-14,NATIONALUM,2020-05-28,28.0,29.35,27.75,28.6,28.6,10565100,903.0,22089600,-1743300
2020-05-13,NATIONALUM,2020-05-28,28.6,28.8,27.6,28.3,28.3,12624300,1079.0,23832900,397800
2020-05-12,NATIONALUM,2020-05-28,27.9,27.95,26.9,27.25,27.25,8985600,768.0,23435100,1415700
2020-05-11,NATIONALUM,2020-05-28,28.5,28.9,27.95,28.05,28.05,3744000,320.0,22019400,163800
2020-05-08,NATIONALUM,2020-05-28,29.05,29.35,28.1,28.35,28.35,3790800,324.0,21855600,11700
2020-05-07,NATIONALUM,2020-05-28,28.7,29.5,28.65,28.8,28.8,3861000,330.0,21843900,549900
2020-05-06,NATIONALUM,2020-05-28,29.1,29.35,28.5,29.15,29.15,4153500,355.0,21294000,-210600
2020-05-05,NATIONALUM,2020-05-28,30.35,30.65,28.8,29.0,29.0,8564400,732.0,21504600,783900
2020-05-04,NATIONALUM,2020-05-28,30.65,30.9,29.9,30.05,30.05,7885800,674.0,20720700,-819000
2020-04-30,NATIONALUM,2020-04-30,31.05,32.25,31.05,31.85,31.8,6201000,530.0,1649700,-3334500
2020-04-29,NATIONALUM,2020-04-30,30.3,31.4,30.3,30.95,30.95,17655300,1509.0,4984200,-5124600
2020-04-28,NATIONALUM,2020-04-30,31.35,31.35,30.25,30.5,30.5,10799100,923.0,10108800,-3919500
2020-04-27,NATIONALUM,2020-04-30,31.45,32.15,30.7,30.85,30.85,15771600,1348.0,14028300,-5768100
2020-04-24,NATIONALUM,2020-04-30,33.35,34.35,30.5,31.3,31.3,35497800,3034.0,19796400,-245700
2020-04-23,NATIONALUM,2020-04-30,33.5,35.0,33.3,33.5,33.5,11887200,1016.0,20042100,269100
2020-04-22,NATIONALUM,2020-04-30,33.25,33.75,31.5,33.55,33.55,15280200,1306.0,19773000,-163800
2020-04-21,NATIONALUM,2020-04-30,33.0,33.6,32.0,33.1,33.1,15408900,1317.0,19936800,269100
2020-04-20,NATIONALUM,2020-04-30,32.9,34.3,32.75,33.95,33.95,20322900,1737.0,19667700,1755000
2020-04-17,NATIONALUM,2020-04-30,32.0,32.7,31.15,32.1,32.1,8365500,715.0,17912700,526500
2020-04-16,NATIONALUM,2020-04-30,30.2,31.45,29.65,31.2,31.2,6341400,542.0,17386200,-187200
2020-04-15,NATIONALUM,2020-04-30,30.7,31.45,29.65,30.05,30.05,7733700,661.0,17573400,234000
2020-04-13,NATIONALUM,2020-04-30,30.55,31.1,29.6,30.45,30.45,5124600,438.0,17339400,269100
2020-04-09,NATIONALUM,2020-04-30,30.3,30.65,29.75,30.5,30.5,5393700,461.0,17070300,58500
2020-04-08,NATIONALUM,2020-04-30,28.8,31.1,28.8,29.45,29.45,10331100,883.0,17011800,-23400
2020-04-07,NATIONALUM,2020-04-30,28.5,29.95,28.35,29.6,29.6,8201700,701.0,17035200,-140400
2020-04-03,NATIONALUM,2020-04-30,28.4,28.8,27.2,28.05,28.05,5452200,466.0,17175600,-23400
2020-04-01,NATIONALUM,2020-04-30,28.6,29.2,28.1,28.5,28.5,2702700,231.0,17199000,-93600
2020-03-31,NATIONALUM,2020-04-30,28.3,29.45,28.2,28.95,28.95,7078500,605.0,17292600,-58500
2020-03-30,NATIONALUM,2020-04-30,27.4,28.25,26.65,27.9,27.9,4914000,420.0,17351100,70200
2020-03-27,NATIONALUM,2020-04-30,30.05,30.5,27.55,28.05,28.05,7429500,635.0,17280900,760500
2020-03-26,NATIONALUM,2020-03-26,28.55,30.8,28.4,29.4,29.1,15174900,1297.0,4551300,-3486600
2020-03-25,NATIONALUM,2020-03-26,28.75,29.5,28.35,28.95,28.95,12565800,1074.0,8037900,-3463200
2020-03-24,NATIONALUM,2020-03-26,27.2,29.1,27.2,28.8,28.8,11395800,974.0,11501100,-4387500
2020-03-23,NATIONALUM,2020-03-26,29.25,30.4,27.7,28.05,28.05,16227900,1387.0,15888600,-5066100
2020-03-20,NATIONALUM,2020-03-26,30.3,32.65,29.9,32.45,32.45,12261600,1048.0,20954700,-2152800
2020-03-19,NATIONALUM,2020-03-26,28.4,31.85,27.9,30.35,30.35,18076500,1545.0,23107500,-1240200
2020-03-18,NATIONALUM,2020-03-26,30.7,30.9,28.3,29.75,29.75,17035200,1456.0,24347700,-2620800
2020-03-17,NATIONALUM,2020-03-26,30.1,31.75,29.1,30.25,30.25,20439900,1747.0,26968500,-1719900
2020-03-16,NATIONALUM,2020-03-26,28.0,30.75,27.45,29.55,29.55,17351100,1483.0,28688400,-1450800
2020-03-13,NATIONALUM,2020-03-26,24.9,30.65,24.15,30.3,30.3,22908600,1958.0,30139200,-1638000
2020-03-12,NATIONALUM,2020-03-26,29.1,29.35,25.9,26.8,26.8,22464000,1920.0,31777200,-3205800
2020-03-11,NATIONALUM,2020-03-26,31.0,31.5,30.0,30.2,30.2,13127400,1122.0,34983000,-58500
2020-03-09,NATIONALUM,2020-03-26,32.8,32.8,30.3,30.8,30.8,12975300,1109.0,35041500,-678600
2020-03-06,NATIONALUM,2020-03-26,33.25,33.5,32.2,33.1,33.1,11524500,985.0,35720100,-222300
2020-03-05,NATIONALUM,2020-03-26,35.25,35.6,34.05,34.35,34.35,8915400,762.0,35942400,865800
2020-03-04,NATIONALUM,2020-03-26,33.85,35.05,33.1,34.9,34.9,18766800,1604.0,35076600,-35100
2020-03-03,NATIONALUM,2020-03-26,32.8,34.8,32.4,34.35,34.35,14051700,1201.0,35111700,117000
2020-03-02,NATIONALUM,2020-03-26,34.1,34.4,31.8,32.2,32.2,11395800,974.0,34994700,339300
2020-02-28,NATIONALUM,2020-03-26,34.0,34.1,32.55,33.15,33.15,12636000,1080.0,34655400,-1567800
2020-02-27,NATIONALUM,2020-02-27,36.05,36.05,34.2,34.65,34.7,27951300,2389.0,5639400,-10530000
2020-02-26,NATIONALUM,2020-02-27,36.4,36.65,35.9,36.05,36.05,24020100,2053.0,16169400,-10342800
2020-02-25,NATIONALUM,2020-02-27,37.5,37.5,36.55,36.7,36.7,16333200,1396.0,26512200,-7698600
2020-02-24,NATIONALUM,2020-02-27,38.75,38.75,36.75,36.95,36.95,16134300,1379.0,34210800,-4925700
2020-02-20,NATIONALUM,2020-02-27,39.1,39.9,38.4,38.95,38.95,15315300,1309.0,39136500,-117000
2020-02-19,NATIONALUM,2020-02-27,39.3,40.15,38.75,39.4,39.4,8962200,766.0,39253500,-140400
2020-02-18,NATIONALUM,2020-02-27,39.0,39.25,38.2,39.15,39.15,10167300,869.0,39393900,-1099800
2020-02-17,NATIONALUM,2020-02-27,39.55,39.75,38.5,38.75,38.75,9722700,831.0,40493700,245700
2020-02-14,NATIONALUM,2020-02-27,40.2,40.25,39.1,39.4,39.4,9348300,799.0,40248000,-1041300
2020-02-13,NATIONALUM,2020-02-27,39.4,40.15,38.95,40.0,40.0,14613300,1249.0,41289300,-1661400
2020-02-12,NATIONALUM,2020-02-27,39.9,40.2,37.85,39.0,39.0,23271300,1989.0,42950700,280800
2020-02-11,NATIONALUM,2020-02-27,41.35,41.95,39.55,39.65,39.65,33614100,2873.0,42669900,6294600
2020-02-10,NATIONALUM,2020-02-27,44.9,44.9,42.75,43.05,43.05,11524500,985.0,36375300,1017900
2020-02-07,NATIONALUM,2020-02-27,44.45,45.2,43.8,45.1,45.1,9196200,786.0,35357400,-351000
2020-02-06,NATIONALUM,2020-02-27,44.5,45.15,43.8,44.5,44.5,17889300,1529.0,35708400,-2726100
2020-02-05,NATIONALUM,2020-02-27,42.95,43.9,42.3,43.6,43.6,13361400,1142.0,38434500,620100
2020-02-04,NATIONALUM,2020-02-27,42.0,42.7,41.65,42.65,42.65,8634600,738.0,37814400,-854100
2020-02-03,NATIONALUM,2020-02-27,41.95,42.25,41.1,41.8,41.8,9804600,838.0,38668500,1415700
2020-02-01,NATIONALUM,2020-02-27,42.6,43.9,41.4,41.8,41.8,14157000,1210.0,37252800,-468000
2020-01-31,NATIONALUM,2020-02-27,44.2,44.2,42.45,42.75,42.75,15069600,1288.0,37720800,93600
2020-01-30,NATIONALUM,2020-01-30,44.75,44.75,43.6,43.9,43.9,25517700,2181.0,4258800,-15163200
2020-01-29,NATIONALUM,2020-01-30,44.8,45.6,44.7,44.9,44.9,27249300,2329.0,19422000,-8821800
2020-01-28,NATIONALUM,2020-01-30,45.4,45.55,44.4,44.6,44.6,14625000,1250.0,28243800,-4914000
2020-01-27,NATIONALUM,2020-01-30,45.5,46.35,45.3,45.5,45.5,17795700,1521.0,33157800,-4176900
2020-01-24,NATIONALUM,2020-01-30,45.8,47.0,45.7,46.45,46.45,12097800,1034.0,37334700,-702000
2020-01-23,NATIONALUM,2020-01-30,45.45,46.2,45.2,45.95,45.95,11208600,958.0,38036700,-936000
2020-01-22,NATIONALUM,2020-01-30,45.8,45.8,44.8,45.45,45.45,13419900,1147.0,38972700,-1474200
2020-01-21,NATIONALUM,2020-01-30,45.8,46.5,45.0,45.3,45.3,12682800,1084.0,40446900,-1485900
2020-01-20,NATIONALUM,2020-01-30,46.9,47.0,45.95,46.1,46.1,13267800,1134.0,41932800,-1251900
2020-01-17,NATIONALUM,2020-01-30,47.6,47.85,46.25,46.5,46.5,17351100,1483.0,43184700,-1825200
2020-01-16,NATIONALUM,2020-01-30,48.5,48.9,46.95,47.65,47.65,19995300,1709.0,45009900,-315900
2020-01-15,NATIONALUM,2020-01-30,47.2,48.6,46.8,48.4,48.4,19199700,1641.0,45325800,-690300
2020-01-14,NATIONALUM,2020-01-30,46.35,47.6,45.9,47.35,47.35,21446100,1833.0,46016100,2468700
2020-01-13,NATIONALUM,2020-01-30,46.0,46.25,45.5,45.95,45.95,8119800,694.0,43547400,-503100
2020-01-10,NATIONALUM,2020-01-30,45.55,46.5,45.3,45.65,45.65,13057200,1116.0,44050500,1310400
2020-01-09,NATIONALUM,2020-01-30,45.15,46.1,45.0,45.55,45.55,14765400,1262.0,42740100,1287000
2020-01-08,NATIONALUM,2020-01-30,43.35,44.9,43.35,44.55,44.55,14531400,1242.0,41453100,-702000
2020-01-07,NATIONALUM,2020-01-30,44.3,45.0,43.4,44.1,44.1,19117800,1634.0,42155100,-1474200
2020-01-06,NATIONALUM,2020-01-30,45.1,45.65,43.65,43.8,43.8,20159100,1723.0,43629300,-2246400
2020-01-03,NATIONALUM,2020-01-30,46.0,46.75,45.25,45.75,45.75,18977400,1622.0,45875700,-526500
2020-01-02,NATIONALUM,2020-01-30,43.6,46.45,43.3,46.1,46.1,36422100,3113.0,46402200,3896100
2020-01-01,NATIONALUM,2020-01-30,44.0,44.15,43.0,43.35,43.35,8248500,705.0,42506100,374400
2019-12-31,NATIONALUM,2020-01-30,44.0,44.65,43.65,43.8,43.8,10647000,910.0,42131700,210600
2019-12-30,NATIONALUM,2020-01-30,43.6,44.35,43.05,44.2,44.2,12366900,1057.0,41921100,1322100
2019-12-27,NATIONALUM,2020-01-30,43.55,43.85,43.2,43.7,43.7,7359300,629.0,40599000,-1181700
2019-12-26,NATIONALUM,2019-12-26,42.8,43.95,42.5,43.3,43.25,17350000,1735.0,8100000,-6980000
2019-12-24,NATIONALUM,2019-12-26,41.8,43.25,41.75,42.9,42.9,29590000,2959.0,15080000,-10490000
2019-12-23,NATIONALUM,2019-12-26,42.1,42.5,41.05,41.4,41.4,35280000,3528.0,25570000,-10230000
2019-12-20,NATIONALUM,2019-12-26,42.3,43.1,42.05,42.2,42.2,20670000,2067.0,35800000,-6660000
2019-12-19,NATIONALUM,2019-12-26,42.2,42.65,41.75,42.1,42.1,12550000,1255.0,42460000,-2920000
2019-12-18,NATIONALUM,2019-12-26,42.85,43.0,42.25,42.5,42.5,17290000,1729.0,45380000,920000
2019-12-17,NATIONALUM,2019-12-26,42.75,43.6,42.1,42.6,42.6,27810000,2781.0,44460000,100000
2019-12-16,NATIONALUM,2019-12-26,43.6,43.65,42.2,42.35,42.35,8190000,819.0,44360000,370000
2019-12-13,NATIONALUM,2019-12-26,43.85,44.85,43.35,43.6,43.6,16240000,1624.0,43990000,500000
2019-12-12,NATIONALUM,2019-12-26,42.5,43.6,42.4,43.25,43.25,6210000,621.0,43490000,-1090000
2019-12-11,NATIONALUM,2019-12-26,42.7,43.05,41.45,42.35,42.35,5690000,569.0,44580000,590000
2019-12-10,NATIONALUM,2019-12-26,43.4,43.45,42.4,42.7,42.7,5080000,508.0,43990000,270000
2019-12-09,NATIONALUM,2019-12-26,43.1,44.05,42.45,43.5,43.5,6870000,687.0,43720000,-840000
2019-12-06,NATIONALUM,2019-12-26,43.5,43.7,42.8,43.1,43.1,5900000,590.0,44560000,-720000
2019-12-05,NATIONALUM,2019-12-26,43.25,43.95,42.65,43.4,43.4,8610000,861.0,45280000,-540000
2019-12-04,NATIONALUM,2019-12-26,42.0,43.4,41.4,43.2,43.2,7350000,735.0,45820000,-450000
2019-12-03,NATIONALUM,2019-12-26,42.85,42.85,41.4,42.2,42.2,8340000,834.0,46270000,850000
2019-12-02,NATIONALUM,2019-12-26,43.45,43.5,42.05,42.75,42.75,7130000,713.0,45420000,1280000
2019-11-29,NATIONALUM,2019-12-26,43.85,44.25,42.85,43.25,43.25,8010000,801.0,44140000,760000
2019-11-28,NATIONALUM,2019-11-28,43.55,45.65,43.4,45.55,45.35,24190000,2419.0,8040000,-7420000
2019-11-27,NATIONALUM,2019-11-28,43.8,44.0,43.4,43.8,43.8,17680000,1768.0,15460000,-9180000
2019-11-26,NATIONALUM,2019-11-28,43.5,44.5,42.8,43.35,43.35,26540000,2654.0,24640000,-10450000
2019-11-25,NATIONALUM,2019-11-28,41.75,43.4,41.75,43.3,43.3,21810000,2181.0,35090000,-10420000
2019-11-22,NATIONALUM,2019-11-28,40.85,41.85,40.55,41.65,41.65,12640000,1264.0,45510000,-1590000
2019-11-21,NATIONALUM,2019-11-28,42.05,42.1,40.7,40.9,40.9,12820000,1282.0,47100000,-980000
2019-11-20,NATIONALUM,2019-11-28,42.05,42.9,41.9,42.15,42.15,7120000,712.0,48080000,-200000
2019-11-19,NATIONALUM,2019-11-28,42.15,42.2,41.5,42.05,42.05,5160000,516.0,48280000,-1090000
2019-11-18,NATIONALUM,2019-11-28,41.65,42.45,41.5,42.15,42.15,9580000,958.0,49370000,-90000
2019-11-15,NATIONALUM,2019-11-28,41.55,41.9,41.0,41.55,41.55,7550000,755.0,49460000,-390000
2019-11-14,NATIONALUM,2019-11-28,41.2,42.2,40.5,41.4,41.4,24780000,2478.0,49850000,2570000
2019-11-13,NATIONALUM,2019-11-28,45.2,45.5,42.85,43.35,43.35,19650000,1965.0,47280000,2940000
2019-11-11,NATIONALUM,2019-11-28,46.0,46.25,45.35,45.8,45.8,5290000,529.0,44340000,210000
2019-11-08,NATIONALUM,2019-11-28,46.75,47.45,45.95,46.1,46.1,8250000,825.0,44130000,-130000
2019-11-07,NATIONALUM,2019-11-28,46.45,47.3,45.75,47.15,47.15,11080000,1108.0,44260000,-570000
2019-11-06,NATIONALUM,2019-11-28,46.5,46.9,45.75,46.55,46.55,7580000,758.0,44830000,-530000
2019-11-05,NATIONALUM,2019-11-28,46.1,47.15,45.85,46.4,46.4,13360000,1336.0,45360000,-410000
2019-11-04,NATIONALUM,2019-11-28,45.1,46.95,45.0,45.8,45.8,22100000,2210.0,45770000,-1090000
2019-11-01,NATIONALUM,2019-11-28,44.15,45.25,43.7,44.9,44.9,15280000,1528.0,46860000,190000
2019-10-31,NATIONALUM,2019-10-31,44.05,45.8,43.8,45.6,45.4,43650000,4365.0,5390000,-21440000
2019-10-30,NATIONALUM,2019-10-31,43.9,44.4,43.6,43.9,43.9,27630000,2763.0,26830000,-10580000
2019-10-29,NATIONALUM,2019-10-31,42.8,44.3,42.75,43.55,43.55,20050000,2005.0,37410000,-3910000
2019-10-27,NATIONALUM,2019-10-31,42.8,43.1,42.65,43.0,43.0,540000,54.0,41320000,-50000
2019-10-25,NATIONALUM,2019-10-31,43.0,43.6,42.15,42.5,42.5,14780000,1478.0,41370000,-3570000
2019-10-24,NATIONALUM,2019-10-31,43.8,44.0,42.3,43.05,43.05,11670000,1167.0,44940000,30000
2019-10-23,NATIONALUM,2019-10-31,43.75,44.45,43.15,43.65,43.65,8080000,808.0,44910000,-1270000
2019-10-22,NATIONALUM,2019-10-31,43.6,45.55,43.1,43.9,43.9,22060000,2206.0,46180000,-4880000
2019-10-18,NATIONALUM,2019-10-31,40.75,44.65,40.75,43.75,43.75,38480000,3848.0,51060000,-4190000
2019-10-17,NATIONALUM,2019-10-31,39.75,40.6,39.3,40.5,40.5,25010000,2501.0,55250000,-2720000
2019-10-16,NATIONALUM,2019-10-31,41.15,41.8,40.95,41.55,41.55,11270000,1127.0,57970000,-1560000
2019-10-15,NATIONALUM,2019-10-31,40.2,41.6,40.1,41.15,41.15,10330000,1033.0,59530000,-100000
2019-10-14,NATIONALUM,2019-10-31,40.25,40.95,39.95,40.2,40.2,13980000,1398.0,59630000,-1600000
2019-10-11,NATIONALUM,2019-10-31,40.7,41.9,39.0,39.85,39.85,22600000,2260.0,61230000,950000
2019-10-10,NATIONALUM,2019-10-31,42.25,43.15,39.75,40.4,40.4,44580000,4458.0,60280000,12270000
2019-10-09,NATIONALUM,2019-10-31,42.5,43.75,42.2,42.7,42.7,29930000,2993.0,48010000,7400000
2019-10-07,NATIONALUM,2019-10-31,43.6,44.6,42.85,43.05,43.05,34980000,3498.0,40610000,7210000
2019-10-04,NATIONALUM,2019-10-31,44.85,45.05,42.9,43.4,43.4,18080000,1808.0,33400000,1420000
2019-10-03,NATIONALUM,2019-10-31,45.15,45.15,43.35,44.55,44.55,17890000,1789.0,31980000,1670000
2019-10-01,NATIONALUM,2019-10-31,46.7,46.7,44.3,45.8,45.8,15820000,1582.0,30310000,410000
2019-09-30,NATIONALUM,2019-10-31,46.3,46.45,44.85,46.2,46.2,10780000,1078.0,29900000,1080000
2019-09-27,NATIONALUM,2019-10-31,46.6,47.1,45.55,46.35,46.35,14430000,1443.0,28820000,200000
2019-09-26,NATIONALUM,2019-09-26,44.05,46.9,43.9,46.4,46.3,17850000,1785.0,1330000,-7180000
2019-09-25,NATIONALUM,2019-09-26,46.45,46.45,43.75,44.05,44.05,20310000,2031.0,8510000,-5510000
2019-09-24,NATIONALUM,2019-09-26,48.25,48.5,46.55,46.75,46.75,20680000,2068.0,14020000,-6200000
2019-09-23,NATIONALUM,2019-09-26,47.3,49.05,46.35,48.15,48.15,19680000,1968.0,20220000,-2900000
2019-09-20,NATIONALUM,2019-09-26,44.25,47.2,43.2,46.7,46.7,28620000,2862.0,23120000,-3830000
2019-09-19,NATIONALUM,2019-09-26,45.7,45.9,43.8,44.35,44.35,15780000,1578.0,26950000,100000
2019-09-18,NATIONALUM,2019-09-26,44.65,45.2,44.2,44.45,44.45,10020000,1002.0,26850000,30000
2019-09-17,NATIONALUM,2019-09-26,45.4,46.0,44.65,44.75,44.75,10560000,1056.0,26820000,230000
2019-09-16,NATIONALUM,2019-09-26,45.05,45.7,44.45,45.45,45.45,12140000,1214.0,26590000,90000
2019-09-13,NATIONALUM,2019-09-26,44.0,45.2,42.95,45.0,45.0,12710000,1271.0,26500000,-560000
2019-09-12,NATIONALUM,2019-09-26,45.0,45.6,43.6,43.9,43.9,14320000,1432.0,27060000,-650000
2019-09-11,NATIONALUM,2019-09-26,42.95,44.8,42.55,44.6,44.6,13070000,1307.0,27710000,-1230000
2019-09-09,NATIONALUM,2019-09-26,42.15,42.9,41.8,42.45,42.45,6640000,664.0,28940000,-520000
2019-09-06,NATIONALUM,2019-09-26,41.35,42.55,40.5,42.15,42.15,9710000,971.0,29460000,-550000
2019-09-05,NATIONALUM,2019-09-26,39.75,41.5,39.7,41.0,41.0,16070000,1607.0,30010000,-3170000
2019-09-04,NATIONALUM,2019-09-26,38.3,39.2,37.8,39.15,39.15,6900000,690.0,33180000,120000
2019-09-03,NATIONALUM,2019-09-26,39.45,39.85,38.15,38.3,38.3,11650000,1165.0,33060000,2280000
2019-08-30,NATIONALUM,2019-09-26,39.5,40.7,37.2,40.35,40.35,37660000,3766.0,30780000,360000
2019-08-29,NATIONALUM,2019-08-29,39.4,40.55,39.0,40.3,40.15,13100000,1310.0,1040000,-5220000
2019-08-28,NATIONALUM,2019-08-29,40.75,40.75,39.2,39.8,39.8,13020000,1302.0,6280000,-5790000
2019-08-27,NATIONALUM,2019-08-29,40.25,41.0,39.95,40.75,40.75,16440000,1644.0,12070000,-8350000
2019-08-26,NATIONALUM,2019-08-29,40.55,40.75,38.65,40.0,40.0,17110000,1711.0,20420000,-4590000
2019-08-23,NATIONALUM,2019-08-29,37.5,39.9,36.95,39.8,39.8,15570000,1557.0,25010000,-1020000
2019-08-22,NATIONALUM,2019-08-29,38.8,39.2,37.55,37.8,37.8,17500000,1750.0,26030000,-1300000
2019-08-21,NATIONALUM,2019-08-29,40.25,40.35,38.9,39.0,39.0,12090000,1209.0,27330000,1140000
2019-08-20,NATIONALUM,2019-08-29,40.95,41.1,40.3,40.6,40.6,10980000,1098.0,26190000,-690000
2019-08-19,NATIONALUM,2019-08-29,41.2,41.5,40.7,41.0,41.0,8970000,897.0,26880000,640000
2019-08-16,NATIONALUM,2019-08-29,41.4,41.4,40.5,41.15,41.15,9170000,917.0,26240000,-60000
2019-08-14,NATIONALUM,2019-08-29,41.5,41.7,39.35,41.55,41.55,33250000,3325.0,26300000,-260000
2019-08-13,NATIONALUM,2019-08-29,43.5,43.55,42.25,42.75,42.75,12460000,1246.0,26560000,-1550000
2019-08-09,NATIONALUM,2019-08-29,44.0,44.75,43.45,43.7,43.7,12420000,1242.0,28110000,-1890000
2019-08-08,NATIONALUM,2019-08-29,43.1,44.0,42.65,43.85,43.85,8100000,810.0,30000000,-260000
2019-08-07,NATIONALUM,2019-08-29,43.7,44.2,42.95,43.05,43.05,11710000,1171.0,30260000,260000
2019-08-06,NATIONALUM,2019-08-29,42.85,44.5,42.7,44.15,44.15,15490000,1549.0,30000000,-880000
2019-08-05,NATIONALUM,2019-08-29,42.95,43.4,42.25,42.9,42.9,12510000,1251.0,30880000,210000
2019-08-02,NATIONALUM,2019-08-29,44.2,44.2,43.15,43.75,43.75,9580000,958.0,30670000,-310000
2019-08-01,NATIONALUM,2019-08-29,44.95,44.95,43.85,44.25,44.25,9760000,976.0,30980000,750000
2019-07-31,NATIONALUM,2019-08-29,43.6,45.3,43.1,45.2,45.2,11200000,1120.0,30230000,-740000
2019-07-30,NATIONALUM,2019-08-29,45.25,45.6,43.65,43.8,43.8,9060000,906.0,30970000,900000
2019-07-29,NATIONALUM,2019-08-29,45.85,46.5,45.0,45.3,45.3,14310000,1431.0,30070000,-130000
2019-07-26,NATIONALUM,2019-08-29,45.35,46.25,45.05,46.1,46.1,9070000,907.0,30200000,-1540000
2019-07-25,NATIONALUM,2019-07-25,45.5,45.85,44.7,45.0,45.0,17010000,1701.0,8500000,-6430000
2019-07-24,NATIONALUM,2019-07-25,46.05,46.15,44.9,45.4,45.4,20350000,2035.0,14930000,-6710000
2019-07-23,NATIONALUM,2019-07-25,45.95,46.55,45.75,46.0,46.0,18750000,1875.0,21640000,-8390000
2019-07-22,NATIONALUM,2019-07-25,45.1,46.2,45.1,45.95,45.95,13360000,1336.0,30030000,-2860000
2019-07-19,NATIONALUM,2019-07-25,46.65,46.75,45.6,45.75,45.75,12880000,1288.0,32890000,-2490000
2019-07-18,NATIONALUM,2019-07-25,47.4,47.4,46.35,46.45,46.45,12510000,1251.0,35380000,700000
2019-07-17,NATIONALUM,2019-07-25,47.4,48.05,47.3,47.6,47.6,12000000,1200.0,34680000,-1380000
2019-07-16,NATIONALUM,2019-07-25,46.95,47.4,46.8,47.2,47.2,10370000,1037.0,36060000,30000
2019-07-15,NATIONALUM,2019-07-25,47.8,47.85,46.55,47.0,47.0,13540000,1354.0,36030000,-430000
2019-07-12,NATIONALUM,2019-07-25,46.95,48.15,46.85,47.65,47.65,13840000,1384.0,36460000,-2690000
2019-07-11,NATIONALUM,2019-07-25,47.2,47.3,46.5,46.85,46.85,15590000,1559.0,39150000,-1450000
2019-07-10,NATIONALUM,2019-07-25,47.85,48.1,46.7,46.9,46.9,22890000,2289.0,40600000,20000
2019-07-09,NATIONALUM,2019-07-25,47.9,48.3,47.3,47.95,47.95,23640000,2364.0,40580000,1910000
2019-07-08,NATIONALUM,2019-07-25,48.65,48.65,47.4,47.9,47.9,18020000,1802.0,38670000,430000
2019-07-05,NATIONALUM,2019-07-25,51.0,51.0,48.6,49.05,49.05,20260000,2026.0,38240000,1570000
2019-07-04,NATIONALUM,2019-07-25,51.1,51.85,50.65,50.9,50.9,11240000,1124.0,36670000,160000
2019-07-03,NATIONALUM,2019-07-25,50.15,51.5,50.1,50.95,50.95,15750000,1575.0,36510000,-190000
2019-07-02,NATIONALUM,2019-07-25,49.9,50.45,49.75,50.4,50.4,7140000,714.0,36700000,-560000
2019-07-01,NATIONALUM,2019-07-25,50.0,50.3,49.25,50.15,50.15,10590000,1059.0,37260000,320000
2019-06-28,NATIONALUM,2019-07-25,50.75,50.85,49.5,49.75,49.75,12950000,1295.0,36940000,590000
2019-06-27,NATIONALUM,2019-06-27,50.15,50.55,49.75,50.1,50.3,16776000,2097.0,3504000,-8208000
2019-06-26,NATIONALUM,2019-06-27,48.55,50.3,48.55,50.1,50.1,21232000,2654.0,11712000,-10176000
2019-06-25,NATIONALUM,2019-06-27,48.7,49.4,48.45,49.15,49.15,14552000,1819.0,21888000,-4920000
2019-06-24,NATIONALUM,2019-06-27,49.2,49.55,48.6,48.8,48.8,20968000,2621.0,26808000,-4680000
2019-06-21,NATIONALUM,2019-06-27,48.35,49.45,48.25,49.3,49.3,18168000,2271.0,31488000,-2552000
2019-06-20,NATIONALUM,2019-06-27,47.75,48.8,47.3,48.65,48.65,14296000,1787.0,34040000,-2176000
2019-06-19,NATIONALUM,2019-06-27,48.25,48.8,46.95,47.5,47.5,13024000,1628.0,36216000,-720000
2019-06-18,NATIONALUM,2019-06-27,48.8,48.85,47.35,47.75,47.75,9496000,1187.0,36936000,208000
2019-06-17,NATIONALUM,2019-06-27,49.15,49.35,48.3,48.5,48.5,9624000,1203.0,36728000,-720000
2019-06-14,NATIONALUM,2019-06-27,49.3,49.9,49.0,49.15,49.15,7648000,956.0,37448000,-32000
2019-06-13,NATIONALUM,2019-06-27,49.55,49.95,49.05,49.45,49.45,12488000,1561.0,37480000,352000
2019-06-12,NATIONALUM,2019-06-27,50.15,50.9,49.5,49.65,49.65,11240000,1405.0,37128000,-336000
2019-06-11,NATIONALUM,2019-06-27,49.5,50.35,49.0,50.1,50.1,11064000,1383.0,37464000,-1152000
2019-06-10,NATIONALUM,2019-06-27,49.45,49.6,48.55,49.3,49.3,7328000,916.0,38616000,-448000
2019-06-07,NATIONALUM,2019-06-27,49.35,49.75,48.6,49.2,49.2,10192000,1274.0,39064000,-160000
2019-06-06,NATIONALUM,2019-06-27,50.3,50.35,48.7,49.15,49.15,9840000,1230.0,39224000,-72000
2019-06-04,NATIONALUM,2019-06-27,49.65,51.1,49.65,50.4,50.4,6608000,826.0,39296000,-304000
2019-06-03,NATIONALUM,2019-06-27,50.55,50.55,49.1,50.25,50.25,9960000,1245.0,39600000,576000
2019-05-31,NATIONALUM,2019-06-27,50.9,51.15,49.5,50.4,50.4,16336000,2042.0,39024000,8000
2019-05-30,NATIONALUM,2019-05-30,49.85,50.3,49.3,50.1,50.35,16784000,2098.0,1384000,-10744000
2019-05-29,NATIONALUM,2019-05-30,50.45,50.45,49.6,49.9,49.9,20520000,2565.0,12128000,-10496000
2019-05-28,NATIONALUM,2019-05-30,51.45,51.75,50.2,50.6,50.6,14416000,1802.0,22624000,-6400000
2019-05-27,NATIONALUM,2019-05-30,49.7,51.45,49.4,51.2,51.2,13656000,1707.0,29024000,-3600000
2019-05-24,NATIONALUM,2019-05-30,49.1,49.9,48.5,49.75,49.75,14592000,1824.0,32624000,-944000
2019-05-23,NATIONALUM,2019-05-30,50.4,50.85,48.4,48.7,48.7,13888000,1736.0,33568000,1544000
2019-05-22,NATIONALUM,2019-05-30,49.3,50.25,49.0,49.95,49.95,8504000,1063.0,32024000,-2616000
2019-05-21,NATIONALUM,2019-05-30,51.5,51.6,48.8,49.3,49.3,17280000,2160.0,34640000,1192000
2019-05-20,NATIONALUM,2019-05-30,50.0,52.15,49.8,51.7,51.7,9952000,1244.0,33448000,-872000
2019-05-17,NATIONALUM,2019-05-30,48.95,49.4,48.45,48.85,48.85,7352000,919.0,34320000,-136000
2019-05-16,NATIONALUM,2019-05-30,48.4,49.15,47.8,49.05,49.05,6312000,789.0,34456000,-400000
2019-05-15,NATIONALUM,2019-05-30,49.1,49.85,47.8,48.0,48.0,7728000,966.0,34856000,808000
2019-05-14,NATIONALUM,2019-05-30,48.85,49.4,48.2,49.05,49.05,6664000,833.0,34048000,-688000
2019-05-13,NATIONALUM,2019-05-30,49.7,49.75,48.25,48.5,48.5,6192000,774.0,34736000,-664000
2019-05-10,NATIONALUM,2019-05-30,50.2,50.85,49.7,49.85,49.85,6400000,800.0,35400000,-584000
2019-05-09,NATIONALUM,2019-05-30,50.0,50.55,49.45,50.05,50.05,5448000,681.0,35984000,352000
2019-05-08,NATIONALUM,2019-05-30,50.7,50.75,49.75,50.0,50.0,6256000,782.0,35632000,224000
2019-05-07,NATIONALUM,2019-05-30,51.75,52.1,50.4,50.6,50.6,6272000,784.0,35408000,-184000
2019-05-06,NATIONALUM,2019-05-30,51.6,52.0,50.85,51.25,51.25,6192000,774.0,35592000,536000
2019-05-03,NATIONALUM,2019-05-30,52.0,52.9,51.65,52.65,52.65,7464000,933.0,35056000,-448000
2019-05-02,NATIONALUM,2019-05-30,52.35,52.8,51.55,52.05,52.05,8056000,1007.0,35504000,128000
2019-04-30,NATIONALUM,2019-05-30,52.8,52.85,51.4,52.15,52.15,9672000,1209.0,35376000,248000
2019-04-26,NATIONALUM,2019-05-30,53.25,53.75,52.7,53.1,53.1,8312000,1039.0,35128000,352000
2019-04-25,NATIONALUM,2019-04-25,53.0,53.5,52.4,52.6,52.7,18512000,2314.0,1960000,-12312000
2019-04-24,NATIONALUM,2019-04-25,53.4,53.4,52.55,52.9,52.9,15344000,1918.0,14272000,-7520000
2019-04-23,NATIONALUM,2019-04-25,53.65,53.85,53.0,53.2,53.2,22664000,2833.0,21792000,-6520000
2019-04-22,NATIONALUM,2019-04-25,54.05,54.6,53.35,53.65,53.65,17096000,2137.0,28312000,-5160000
2019-04-18,NATIONALUM,2019-04-25,56.15,56.15,54.15,54.4,54.4,10080000,1260.0,33472000,88000
2019-04-16,NATIONALUM,2019-04-25,56.9,57.0,55.75,56.05,56.05,8664000,1083.0,33384000,-136000
2019-04-15,NATIONALUM,2019-04-25,56.3,57.15,55.85,56.6,56.6,14728000,1841.0,33520000,-1920000
2019-04-12,NATIONALUM,2019-04-25,55.65,56.2,55.55,55.95,55.95,9016000,1127.0,35440000,272000
2019-04-11,NATIONALUM,2019-04-25,56.6,56.8,55.2,55.65,55.65,13776000,1722.0,35168000,1312000
2019-04-10,NATIONALUM,2019-04-25,57.2,57.9,56.4,56.65,56.65,18760000,2345.0,33856000,216000
2019-04-09,NATIONALUM,2019-04-25,56.05,57.5,55.55,56.95,56.95,12272000,1534.0,33640000,-1928000
2019-04-08,NATIONALUM,2019-04-25,57.1,57.35,55.65,56.1,56.1,13200000,1650.0,35568000,40000
2019-04-05,NATIONALUM,2019-04-25,56.25,57.15,55.85,57.0,57.0,10896000,1362.0,35528000,-40000
2019-04-04,NATIONALUM,2019-04-25,55.95,56.75,55.6,55.9,55.9,9624000,1203.0,35568000,912000
2019-04-03,NATIONALUM,2019-04-25,56.45,57.4,55.5,55.75,55.75,10784000,1348.0,34656000,-176000
2019-04-02,NATIONALUM,2019-04-25,57.2,57.5,55.3,55.8,55.8,12464000,1558.0,34832000,2064000
2019-04-01,NATIONALUM,2019-04-25,56.5,58.35,56.3,57.0,57.0,19688000,2461.0,32768000,-824000
2019-03-29,NATIONALUM,2019-04-25,53.85,56.45,53.6,55.85,55.85,23880000,2985.0,33592000,4024000
2019-03-28,NATIONALUM,2019-03-28,53.4,53.7,52.9,53.05,53.05,16360000,2045.0,6192000,-7216000
2019-03-27,NATIONALUM,2019-03-28,53.8,54.4,53.0,53.25,53.25,12136000,1517.0,13408000,-5608000
2019-03-26,NATIONALUM,2019-03-28,54.1,54.25,53.35,53.7,53.7,12696000,1587.0,19016000,-4320000
2019-03-25,NATIONALUM,2019-03-28,53.25,54.05,52.55,53.9,53.9,10976000,1372.0,23336000,-3264000
2019-03-22,NATIONALUM,2019-03-28,56.15,56.35,53.75,54.0,54.0,11312000,1414.0,26600000,216000
2019-03-20,NATIONALUM,2019-03-28,54.9,56.45,54.9,56.0,56.0,20440000,2555.0,26384000,-3280000
2019-03-19,NATIONALUM,2019-03-28,54.3,55.1,54.1,54.65,54.65,8312000,1039.0,29664000,-1312000
2019-03-18,NATIONALUM,2019-03-28,54.3,54.9,53.6,54.25,54.25,10304000,1288.0,30976000,-856000
2019-03-15,NATIONALUM,2019-03-28,53.15,54.75,53.15,54.45,54.45,26768000,3346.0,31832000,-952000
2019-03-14,NATIONALUM,2019-03-28,52.65,53.8,52.4,52.95,52.95,9168000,1146.0,32784000,1232000
2019-03-13,NATIONALUM,2019-03-28,55.0,55.0,52.25,52.85,52.85,15336000,1917.0,31552000,2560000
2019-03-12,NATIONALUM,2019-03-28,55.0,55.75,54.25,54.8,54.8,12384000,1548.0,28992000,-272000
2019-03-11,NATIONALUM,2019-03-28,52.9,55.4,52.4,54.75,54.75,31776000,3972.0,29264000,-2728000
2019-03-08,NATIONALUM,2019-03-28,56.2,57.75,54.4,56.3,56.3,29824000,3728.0,31992000,2304000
2019-03-07,NATIONALUM,2019-03-28,57.7,57.8,56.0,56.85,56.85,16592000,2074.0,29688000,-1736000
2019-03-06,NATIONALUM,2019-03-28,56.9,57.9,56.6,57.55,57.55,18728000,2341.0,31424000,-2552000
2019-03-05,NATIONALUM,2019-03-28,54.7,56.1,54.15,55.85,55.85,25616000,3202.0,33976000,-4080000
2019-03-01,NATIONALUM,2019-03-28,51.55,54.0,51.0,53.8,53.8,33544000,4193.0,38056000,-4672000
2019-02-28,NATIONALUM,2019-02-28,49.75,50.55,48.75,50.4,50.55,48592000,6074.0,35480000,-11824000
2019-02-27,NATIONALUM,2019-02-28,48.9,50.8,48.55,49.4,49.4,40664000,5083.0,47304000,-5960000
2019-02-26,NATIONALUM,2019-02-28,47.85,49.15,46.85,48.5,48.5,29240000,3655.0,53264000,-10448000
2019-02-25,NATIONALUM,2019-02-28,49.0,49.25,47.6,48.55,48.55,44152000,5519.0,63712000,-4688000
2019-02-22,NATIONALUM,2019-02-28,48.25,49.2,47.9,48.9,48.9,21736000,2717.0,68400000,-2912000
2019-02-21,NATIONALUM,2019-02-28,47.9,48.7,47.35,48.05,48.05,22472000,2809.0,71312000,504000
2019-02-20,NATIONALUM,2019-02-28,48.9,48.95,47.0,48.0,48.0,18576000,2322.0,70808000,3160000
2019-02-19,NATIONALUM,2019-02-28,46.9,49.15,46.9,48.25,48.25,23944000,2993.0,67648000,1200000
2019-02-18,NATIONALUM,2019-02-28,48.25,48.3,46.55,46.8,46.8,20568000,2571.0,66448000,3232000
2019-02-15,NATIONALUM,2019-02-28,48.75,50.7,46.4,47.55,47.55,53072000,6634.0,63216000,2888000
2019-02-14,NATIONALUM,2019-02-28,48.6,49.25,45.05,47.95,47.95,84352000,10544.0,60328000,25704000
2019-02-13,NATIONALUM,2019-02-28,52.25,53.35,48.6,49.0,49.0,25304000,3163.0,34624000,3224000
2019-02-12,NATIONALUM,2019-02-28,51.95,52.85,51.2,51.5,51.5,19576000,2447.0,31400000,3400000
2019-02-11,NATIONALUM,2019-02-28,56.6,57.35,51.45,52.25,52.25,36184000,4523.0,28000000,5000000
2019-02-08,NATIONALUM,2019-02-28,59.0,59.85,58.1,58.75,58.75,9784000,1223.0,23000000,-336000
2019-02-07,NATIONALUM,2019-02-28,58.35,59.65,58.3,58.9,58.9,4192000,524.0,23336000,-16000
2019-02-06,NATIONALUM,2019-02-28,57.9,59.0,56.85,58.8,58.8,5048000,631.0,23352000,-720000
2019-02-05,NATIONALUM,2019-02-28,58.95,59.05,56.85,57.4,57.4,7152000,894.0,24072000,576000
2019-02-04,NATIONALUM,2019-02-28,58.85,59.0,57.8,58.75,58.75,6784000,848.0,23496000,-248000
2019-02-01,NATIONALUM,2019-02-28,59.4,60.0,58.65,59.15,59.15,8136000,1017.0,23744000,432000
2019-01-31,NATIONALUM,2019-01-31,60.55,60.55,59.45,59.85,59.6,16080000,2010.0,7288000,-3632000
2019-01-30,NATIONALUM,2019-01-31,60.35,60.45,59.75,60.0,60.0,9856000,1232.0,10920000,-3480000
2019-01-29,NATIONALUM,2019-01-31,59.25,60.65,59.25,60.1,60.1,7704000,963.0,14400000,-2352000
2019-01-28,NATIONALUM,2019-01-31,60.75,61.25,59.75,59.9,59.9,9200000,1150.0,16752000,-1440000
2019-01-25,NATIONALUM,2019-01-31,61.5,62.5,60.55,60.7,60.7,7136000,892.0,18192000,-32000
2019-01-24,NATIONALUM,2019-01-31,61.5,62.3,60.8,61.9,61.9,4728000,591.0,18224000,-664000
2019-01-23,NATIONALUM,2019-01-31,60.85,63.15,60.85,61.7,61.7,11344000,1418.0,18888000,-1944000
2019-01-22,NATIONALUM,2019-01-31,61.0,61.1,59.8,60.9,60.9,6408000,801.0,20832000,-1736000
2019-01-21,NATIONALUM,2019-01-31,61.65,61.75,60.45,61.05,61.05,5464000,683.0,22568000,-464000
2019-01-18,NATIONALUM,2019-01-31,61.7,62.15,61.35,61.5,61.5,4376000,547.0,23032000,-352000
2019-01-17,NATIONALUM,2019-01-31,62.1,62.25,61.4,61.85,61.85,4744000,593.0,23384000,-632000
2019-01-16,NATIONALUM,2019-01-31,62.95,62.95,61.65,61.95,61.95,6976000,872.0,24016000,632000
2019-01-15,NATIONALUM,2019-01-31,61.25,62.6,61.2,62.45,62.45,6464000,808.0,23384000,-640000
2019-01-14,NATIONALUM,2019-01-31,62.6,62.95,61.0,61.4,61.4,6440000,805.0,24024000,936000
2019-01-11,NATIONALUM,2019-01-31,62.7,63.3,62.4,63.1,63.1,4168000,521.0,23088000,-8000
2019-01-10,NATIONALUM,2019-01-31,62.45,62.9,62.3,62.7,62.7,3592000,449.0,23096000,-112000
2019-01-09,NATIONALUM,2019-01-31,62.8,63.1,62.5,62.8,62.8,4816000,602.0,23208000,232000
2019-01-08,NATIONALUM,2019-01-31,63.75,63.8,62.55,62.8,62.8,6240000,780.0,22976000,912000
2019-01-07,NATIONALUM,2019-01-31,64.5,64.95,63.5,63.8,63.8,6288000,786.0,22064000,-232000
2019-01-04,NATIONALUM,2019-01-31,62.45,64.15,62.1,63.85,63.85,8816000,1102.0,22296000,-1088000
2019-01-03,NATIONALUM,2019-01-31,63.15,63.2,61.75,62.0,62.0,7152000,894.0,23384000,288000
2019-01-02,NATIONALUM,2019-01-31,64.25,64.4,62.85,63.4,63.4,7600000,950.0,23096000,544000
2019-01-01,NATIONALUM,2019-01-31,64.75,65.0,63.6,64.85,64.85,3936000,492.0,22552000,-104000
2018-12-31,NATIONALUM,2019-01-31,63.85,65.1,63.55,64.95,64.95,10112000,1264.0,22656000,-424000
2018-12-28,NATIONALUM,2019-01-31,62.3,63.9,62.3,63.4,63.4,7536000,942.0,23080000,32000
2018-12-27,NATIONALUM,2018-12-27,63.4,64.2,62.3,62.7,62.7,14112000,1764.0,12312000,-2136000
2018-12-26,NATIONALUM,2018-12-27,61.6,63.2,61.15,62.9,62.9,16896000,2112.0,14448000,-4008000
2018-12-24,NATIONALUM,2018-12-27,62.65,62.65,61.5,61.65,61.65,11968000,1496.0,18456000,-3472000
2018-12-21,NATIONALUM,2018-12-27,62.25,63.35,62.0,62.4,62.4,16992000,2124.0,21928000,-2816000
2018-12-20,NATIONALUM,2018-12-27,63.35,63.4,59.85,62.0,62.0,23096000,2887.0,24744000,2120000
2018-12-19,NATIONALUM,2018-12-27,64.85,65.5,64.2,64.4,64.4,9320000,1165.0,22624000,-560000
2018-12-18,NATIONALUM,2018-12-27,64.6,65.3,64.45,65.0,65.0,10744000,1343.0,23184000,-184000
2018-12-17,NATIONALUM,2018-12-27,64.9,65.4,64.65,65.0,65.0,5400000,675.0,23368000,-392000
2018-12-14,NATIONALUM,2018-12-27,64.2,64.9,63.85,64.4,64.4,3504000,438.0,23760000,184000
2018-12-13,NATIONALUM,2018-12-27,64.95,65.4,64.05,64.7,64.7,5160000,645.0,23576000,-496000
2018-12-12,NATIONALUM,2018-12-27,62.6,64.85,62.35,64.65,64.65,7224000,903.0,24072000,-584000
2018-12-11,NATIONALUM,2018-12-27,60.85,63.15,60.85,62.5,62.5,8144000,1018.0,24656000,168000
2018-12-10,NATIONALUM,2018-12-27,62.4,62.7,60.2,61.9,61.9,9008000,1126.0,24488000,200000
2018-12-07,NATIONALUM,2018-12-27,63.95,64.05,62.5,63.55,63.55,6664000,833.0,24288000,-56000
2018-12-06,NATIONALUM,2018-12-27,64.55,65.45,63.2,63.35,63.35,8096000,1012.0,24344000,840000
2018-12-05,NATIONALUM,2018-12-27,67.7,67.9,65.1,65.3,65.3,7776000,972.0,23504000,480000
2018-12-04,NATIONALUM,2018-12-27,67.9,68.7,67.65,68.35,68.35,5312000,664.0,23024000,-392000
2018-12-03,NATIONALUM,2018-12-27,67.75,68.8,67.15,67.95,67.95,11984000,1498.0,23416000,-120000
2018-11-30,NATIONALUM,2018-12-27,66.85,67.5,66.2,67.3,67.3,7744000,968.0,23536000,-192000
2018-11-29,NATIONALUM,2018-11-29,64.7,67.2,64.7,66.8,66.75,22640000,2830.0,3944000,-10840000
2018-11-28,NATIONALUM,2018-11-29,65.1,65.7,64.6,64.75,64.75,10496000,1312.0,14784000,-4128000
2018-11-27,NATIONALUM,2018-11-29,65.5,65.8,64.35,65.0,65.0,14288000,1786.0,18912000,-3184000
2018-11-26,NATIONALUM,2018-11-29,65.4,66.2,64.1,65.8,65.8,10920000,1365.0,22096000,-3712000
2018-11-22,NATIONALUM,2018-11-29,66.45,66.7,65.1,65.35,65.35,5824000,728.0,25808000,-88000
2018-11-21,NATIONALUM,2018-11-29,65.75,67.1,65.3,66.5,66.5,11200000,1400.0,25896000,-2368000
2018-11-20,NATIONALUM,2018-11-29,67.4,67.4,65.05,65.4,65.4,10168000,1271.0,28264000,224000
2018-11-19,NATIONALUM,2018-11-29,65.95,68.6,65.45,67.65,67.65,11648000,1456.0,28040000,-2288000
2018-11-16,NATIONALUM,2018-11-29,66.35,66.85,65.5,65.95,65.95,5944000,743.0,30328000,-184000
2018-11-15,NATIONALUM,2018-11-29,67.05,67.35,66.1,66.6,66.6,5968000,746.0,30512000,-136000
2018-11-14,NATIONALUM,2018-11-29,67.95,68.6,66.3,66.9,66.9,13968000,1746.0,30648000,56000
2018-11-13,NATIONALUM,2018-11-29,70.0,70.15,65.7,67.5,67.5,20376000,2547.0,30592000,-104000
2018-11-12,NATIONALUM,2018-11-29,70.7,71.0,68.8,69.7,69.7,11312000,1414.0,30696000,-712000
2018-11-09,NATIONALUM,2018-11-29,70.1,71.25,69.9,70.7,70.7,6176000,772.0,31408000,-384000
2018-11-07,NATIONALUM,2018-11-29,70.85,70.85,70.35,70.7,70.7,1528000,191.0,31792000,-560000
2018-11-06,NATIONALUM,2018-11-29,71.45,71.7,70.15,70.35,70.35,7576000,947.0,32352000,-184000
2018-11-05,NATIONALUM,2018-11-29,69.3,72.4,68.7,71.25,71.25,20272000,2534.0,32536000,1760000
2018-11-02,NATIONALUM,2018-11-29,69.95,71.35,69.05,69.7,69.7,17448000,2181.0,30776000,-224000
2018-11-01,NATIONALUM,2018-11-29,68.15,70.35,67.85,69.85,69.85,11792000,1474.0,31000000,-272000
2018-10-31,NATIONALUM,2018-11-29,69.3,69.4,66.2,68.5,68.5,13760000,1720.0,31272000,-1048000
2018-10-30,NATIONALUM,2018-11-29,71.7,72.0,68.95,69.5,69.5,20120000,2515.0,32320000,296000
2018-10-29,NATIONALUM,2018-11-29,67.4,69.9,66.9,69.3,69.3,15136000,1892.0,32024000,1960000
2018-10-26,NATIONALUM,2018-11-29,66.1,67.85,64.8,67.35,67.35,17832000,2229.0,30064000,-528000
2018-10-25,NATIONALUM,2018-10-25,66.1,67.7,66.0,66.45,66.3,26496000,3312.0,6792000,-14240000
2018-10-24,NATIONALUM,2018-10-25,67.7,67.8,66.6,67.0,67.0,20680000,2585.0,21032000,-7160000
2018-10-23,NATIONALUM,2018-10-25,66.7,67.8,65.95,67.2,67.2,18288000,2286.0,28192000,-2784000
2018-10-22,NATIONALUM,2018-10-25,66.9,68.0,66.0,66.95,66.95,18568000,2321.0,30976000,-4608000
2018-10-19,NATIONALUM,2018-10-25,65.25,67.1,64.4,66.9,66.9,16208000,2026.0,35584000,-2040000
2018-10-17,NATIONALUM,2018-10-25,67.7,67.95,65.3,65.75,65.75,12544000,1568.0,37624000,-1736000
2018-10-16,NATIONALUM,2018-10-25,66.6,67.55,66.55,67.05,67.05,8360000,1045.0,39360000,-464000
2018-10-15,NATIONALUM,2018-10-25,67.35,67.35,64.15,66.75,66.75,24072000,3009.0,39824000,-648000
2018-10-12,NATIONALUM,2018-10-25,68.0,68.4,66.35,66.9,66.9,17360000,2170.0,40472000,-32000
2018-10-11,NATIONALUM,2018-10-25,64.55,67.75,64.1,66.85,66.85,22904000,2863.0,40504000,-1312000
2018-10-10,NATIONALUM,2018-10-25,64.8,67.45,64.0,66.65,66.65,31864000,3983.0,41816000,-960000
2018-10-09,NATIONALUM,2018-10-25,61.8,62.75,60.65,61.2,61.2,15120000,1890.0,42776000,-920000
2018-10-08,NATIONALUM,2018-10-25,63.55,63.55,59.5,61.3,61.3,33008000,4126.0,43696000,-3160000
2018-10-05,NATIONALUM,2018-10-25,68.4,69.65,64.15,65.25,65.25,22064000,2758.0,46856000,-1904000
2018-10-04,NATIONALUM,2018-10-25,69.0,71.75,68.65,69.4,69.4,30272000,3784.0,48760000,-904000
2018-10-03,NATIONALUM,2018-10-25,62.6,70.9,62.3,69.45,69.45,57080000,7135.0,49664000,960000
2018-10-01,NATIONALUM,2018-10-25,61.05,62.9,57.95,62.55,62.55,23648000,2956.0,48704000,-1264000
2018-09-28,NATIONALUM,2018-10-25,65.65,66.0,60.5,61.0,61.0,22736000,2842.0,49968000,1392000
2018-09-27,NATIONALUM,2018-09-27,67.1,67.3,64.6,64.85,64.8,31040000,3880.0,8744000,-15736000
2018-09-26,NATIONALUM,2018-09-27,66.85,67.9,66.25,66.95,66.95,26856000,3357.0,24480000,-13240000
2018-09-25,NATIONALUM,2018-09-27,65.65,67.4,64.85,66.15,66.15,24128000,3016.0,37720000,-5312000
2018-09-24,NATIONALUM,2018-09-27,66.1,66.85,64.0,65.1,65.1,25640000,3205.0,43032000,-9344000
2018-09-21,NATIONALUM,2018-09-27,69.85,69.9,62.0,65.9,65.9,33976000,4247.0,52376000,-3400000
2018-09-19,NATIONALUM,2018-09-27,68.25,70.35,68.25,68.85,68.85,12544000,1568.0,55776000,-1080000
2018-09-18,NATIONALUM,2018-09-27,70.1,70.65,67.8,68.25,68.25,14160000,1770.0,56856000,344000
2018-09-17,NATIONALUM,2018-09-27,70.25,70.95,69.0,70.3,70.3,11376000,1422.0,56512000,32000
2018-09-14,NATIONALUM,2018-09-27,71.0,71.4,70.1,70.55,70.55,13752000,1719.0,56480000,864000
2018-09-12,NATIONALUM,2018-09-27,70.3,70.65,68.2,70.15,70.15,14448000,1806.0,55616000,-520000
2018-09-11,NATIONALUM,2018-09-27,73.0,73.8,69.3,70.1,70.1,15272000,1909.0,56136000,-160000
2018-09-10,NATIONALUM,2018-09-27,71.5,72.75,70.6,71.75,71.75,18952000,2369.0,56296000,720000
2018-09-07,NATIONALUM,2018-09-27,71.1,73.5,70.45,72.35,72.35,40016000,5002.0,55576000,1032000
2018-09-06,NATIONALUM,2018-09-27,77.5,77.5,69.85,71.7,71.7,61152000,7644.0,54544000,1256000
2018-09-05,NATIONALUM,2018-09-27,73.2,77.3,72.95,76.9,76.9,27248000,3406.0,53288000,3224000
2018-09-04,NATIONALUM,2018-09-27,75.45,75.85,72.85,73.55,73.55,19224000,2403.0,50064000,-456000
2018-09-03,NATIONALUM,2018-09-27,76.0,77.2,75.15,75.5,75.5,15376000,1922.0,50520000,-368000
2018-08-31,NATIONALUM,2018-09-27,77.2,77.6,75.2,75.45,75.45,15616000,1952.0,50888000,680000
2018-08-30,NATIONALUM,2018-08-30,77.85,78.5,75.3,75.95,76.2,33784000,4223.0,7440000,-14664000
2018-08-29,NATIONALUM,2018-08-30,76.2,77.8,76.0,76.8,76.8,41280000,5160.0,22104000,-18632000
2018-08-28,NATIONALUM,2018-08-30,74.75,75.8,72.5,75.15,75.15,34976000,4372.0,40736000,-5408000
2018-08-27,NATIONALUM,2018-08-30,73.15,75.55,73.0,74.4,74.4,43336000,5417.0,46144000,-6464000
2018-08-24,NATIONALUM,2018-08-30,70.05,72.7,68.9,72.35,72.35,24824000,3103.0,52608000,-1472000
2018-08-23,NATIONALUM,2018-08-30,71.4,72.1,69.7,70.55,70.55,10688000,1336.0,54080000,-1216000
2018-08-21,NATIONALUM,2018-08-30,71.6,72.75,70.9,71.65,71.65,24520000,3065.0,55296000,-832000
2018-08-20,NATIONALUM,2018-08-30,68.55,71.45,67.25,70.85,70.85,37552000,4694.0,56128000,2992000
2018-08-17,NATIONALUM,2018-08-30,67.85,69.95,67.85,68.15,68.15,19992000,2499.0,53136000,2688000
2018-08-16,NATIONALUM,2018-08-30,69.8,70.25,67.15,67.35,67.35,19192000,2399.0,50448000,3424000
2018-08-14,NATIONALUM,2018-08-30,70.85,71.7,69.2,69.7,69.7,11648000,1456.0,47024000,376000
2018-08-13,NATIONALUM,2018-08-30,69.35,72.3,67.25,70.35,70.35,23048000,2881.0,46648000,712000
2018-08-10,NATIONALUM,2018-08-30,72.05,72.7,69.0,69.35,69.35,20096000,2512.0,45936000,-1416000
2018-08-09,NATIONALUM,2018-08-30,71.1,72.7,70.0,71.7,71.7,48064000,6008.0,47352000,-320000
2018-08-08,NATIONALUM,2018-08-30,65.5,67.35,64.75,66.8,66.8,18176000,2272.0,47672000,832000
2018-08-07,NATIONALUM,2018-08-30,66.05,66.4,64.25,65.45,65.45,12944000,1618.0,46840000,0
2018-08-06,NATIONALUM,2018-08-30,65.4,66.75,64.3,65.85,65.85,15296000,1912.0,46840000,-1744000
2018-08-03,NATIONALUM,2018-08-30,64.8,65.6,63.5,65.2,65.2,21112000,2639.0,48584000,2768000
2018-08-02,NATIONALUM,2018-08-30,61.6,64.6,60.8,63.85,63.85,21464000,2683.0,45816000,-104000
2018-08-01,NATIONALUM,2018-08-30,62.0,62.5,61.1,61.6,61.6,9856000,1232.0,45920000,-744000
2018-07-31,NATIONALUM,2018-08-30,61.5,62.1,60.9,61.6,61.6,10160000,1270.0,46664000,2152000
2018-07-30,NATIONALUM,2018-08-30,62.8,63.1,60.4,61.5,61.5,15136000,1892.0,44512000,2800000
2018-07-27,NATIONALUM,2018-08-30,62.9,63.5,61.65,62.7,62.7,8984000,1123.0,41712000,1056000
2018-07-26,NATIONALUM,2018-07-26,62.95,63.4,61.7,62.05,62.15,25072000,3134.0,14392000,-9440000
2018-07-25,NATIONALUM,2018-07-26,61.4,63.3,60.9,63.0,63.0,36384000,4548.0,23832000,-17016000
2018-07-24,NATIONALUM,2018-07-26,58.9,61.75,58.9,61.0,61.0,23856000,2982.0,40848000,-3368000
2018-07-23,NATIONALUM,2018-07-26,58.95,59.4,57.65,58.7,58.7,15248000,1906.0,44216000,-3664000
2018-07-20,NATIONALUM,2018-07-26,59.1,59.75,58.25,58.9,58.9,11016000,1377.0,47880000,-1408000
2018-07-19,NATIONALUM,2018-07-26,59.1,60.55,57.45,59.55,59.55,16336000,2042.0,49288000,64000
2018-07-18,NATIONALUM,2018-07-26,60.4,60.8,57.4,58.65,58.65,11144000,1393.0,49224000,-1144000
2018-07-17,NATIONALUM,2018-07-26,57.75,60.4,57.4,60.2,60.2,12016000,1502.0,50368000,-1336000
2018-07-16,NATIONALUM,2018-07-26,58.95,59.0,56.65,57.2,57.2,9784000,1223.0,51704000,-1368000
2018-07-13,NATIONALUM,2018-07-26,61.25,61.25,58.7,59.15,59.15,14384000,1798.0,53072000,584000
2018-07-12,NATIONALUM,2018-07-26,61.5,62.5,59.75,60.75,60.75,11512000,1439.0,52488000,816000
2018-07-11,NATIONALUM,2018-07-26,62.8,63.3,60.85,61.2,61.2,11960000,1495.0,51672000,192000
2018-07-10,NATIONALUM,2018-07-26,62.65,63.8,62.2,63.4,63.4,10712000,1339.0,51480000,-1376000
2018-07-09,NATIONALUM,2018-07-26,61.5,62.95,61.5,62.15,62.15,9352000,1169.0,52856000,936000
2018-07-06,NATIONALUM,2018-07-26,60.05,62.7,59.95,61.05,61.05,16200000,2025.0,51920000,1104000
2018-07-05,NATIONALUM,2018-07-26,61.95,62.05,59.65,60.1,60.1,14328000,1791.0,50816000,2928000
2018-07-04,NATIONALUM,2018-07-26,63.65,63.65,61.9,62.45,62.45,12688000,1586.0,47888000,1808000
2018-07-03,NATIONALUM,2018-07-26,62.15,64.45,61.1,64.0,64.0,14032000,1754.0,46080000,-344000
2018-07-02,NATIONALUM,2018-07-26,64.85,64.85,61.1,62.5,62.5,27048000,3381.0,46424000,584000
2018-06-29,NATIONALUM,2018-07-26,62.7,64.85,62.65,64.65,64.65,15736000,1967.0,45840000,-1464000
2018-06-28,NATIONALUM,2018-06-28,59.15,63.8,57.35,62.15,62.05,39712000,4964.0,8152000,-15520000
2018-06-27,NATIONALUM,2018-06-28,61.0,61.15,57.6,59.65,59.65,36992000,4624.0,23672000,-14624000
2018-06-26,NATIONALUM,2018-06-28,62.5,63.0,59.9,60.45,60.45,22072000,2759.0,38296000,-3368000
2018-06-25,NATIONALUM,2018-06-28,64.7,66.05,62.25,62.8,62.8,20912000,2614.0,41664000,-3456000
2018-06-22,NATIONALUM,2018-06-28,65.6,66.2,63.45,64.6,64.6,19192000,2399.0,45120000,912000
2018-06-21,NATIONALUM,2018-06-28,66.7,67.8,64.85,65.6,65.6,16816000,2102.0,44208000,672000
2018-06-20,NATIONALUM,2018-06-28,69.95,70.2,67.05,67.4,67.4,19056000,2382.0,43536000,2656000
2018-06-19,NATIONALUM,2018-06-28,68.6,70.45,68.0,69.75,69.75,13536000,1692.0,40880000,-408000
2018-06-18,NATIONALUM,2018-06-28,69.6,69.6,67.95,69.0,69.0,8664000,1083.0,41288000,792000
2018-06-15,NATIONALUM,2018-06-28,72.05,72.25,68.8,69.55,69.55,14224000,1778.0,40496000,1904000
2018-06-14,NATIONALUM,2018-06-28,71.55,73.9,71.15,72.15,72.15,15072000,1884.0,38592000,-760000
2018-06-13,NATIONALUM,2018-06-28,73.5,73.55,70.8,71.1,71.1,8768000,1096.0,39352000,1120000
2018-06-12,NATIONALUM,2018-06-28,71.8,73.9,71.45,73.5,73.5,13944000,1743.0,38232000,536000
2018-06-11,NATIONALUM,2018-06-28,72.95,73.65,71.1,71.35,71.35,6496000,812.0,37696000,432000
2018-06-08,NATIONALUM,2018-06-28,73.15,73.95,72.5,73.45,73.45,8080000,1010.0,37264000,-1104000
2018-06-07,NATIONALUM,2018-06-28,72.25,74.1,72.15,73.75,73.75,11112000,1389.0,38368000,-240000
2018-06-06,NATIONALUM,2018-06-28,69.1,72.7,68.5,72.05,72.05,16600000,2075.0,38608000,-2224000
2018-06-05,NATIONALUM,2018-06-28,68.9,69.3,67.55,68.9,68.9,7904000,988.0,40832000,536000
2018-06-04,NATIONALUM,2018-06-28,70.3,70.7,68.6,69.15,69.15,8616000,1077.0,40296000,1248000
2018-06-01,NATIONALUM,2018-06-28,70.95,71.65,69.6,70.2,70.2,9552000,1194.0,39048000,424000
2018-05-31,NATIONALUM,2018-05-31,71.2,71.8,69.9,70.3,70.45,29016000,3627.0,14296000,-14928000
2018-05-30,NATIONALUM,2018-05-31,71.2,72.8,70.0,70.65,70.65,24696000,3087.0,29224000,-11552000
2018-05-29,NATIONALUM,2018-05-31,72.1,73.6,70.85,71.1,71.1,15152000,1894.0,40776000,-2952000
2018-05-28,NATIONALUM,2018-05-31,73.75,74.45,72.15,72.95,72.95,21736000,2717.0,43728000,-6120000
2018-05-25,NATIONALUM,2018-05-31,71.0,73.55,70.95,73.3,73.3,10072000,1259.0,49848000,-200000
2018-05-24,NATIONALUM,2018-05-31,71.4,71.65,70.2,71.0,71.0,7040000,880.0,50048000,-184000
2018-05-23,NATIONALUM,2018-05-31,73.7,73.75,70.2,70.75,70.75,13616000,1702.0,50232000,-160000
2018-05-22,NATIONALUM,2018-05-31,73.45,74.2,72.15,73.6,73.6,6200000,775.0,50392000,-696000
2018-05-21,NATIONALUM,2018-05-31,71.5,73.8,70.8,73.35,73.35,13344000,1668.0,51088000,-1128000
2018-05-18,NATIONALUM,2018-05-31,75.35,75.35,70.25,71.0,71.0,14024000,1753.0,52216000,536000
2018-05-17,NATIONALUM,2018-05-31,75.65,76.4,74.7,75.55,75.55,7840000,980.0,51680000,848000
2018-05-16,NATIONALUM,2018-05-31,73.15,76.05,72.75,75.65,75.65,14224000,1778.0,50832000,-528000
2018-05-15,NATIONALUM,2018-05-31,75.9,77.6,73.5,73.8,73.8,11032000,1379.0,51360000,104000
2018-05-14,NATIONALUM,2018-05-31,77.85,78.4,75.3,75.7,75.7,8176000,1022.0,51256000,-600000
2018-05-11,NATIONALUM,2018-05-31,77.6,78.7,76.3,78.3,78.3,9680000,1210.0,51856000,-536000
2018-05-10,NATIONALUM,2018-05-31,80.15,80.15,77.1,77.3,77.3,12136000,1517.0,52392000,816000
2018-05-09,NATIONALUM,2018-05-31,80.0,81.2,79.3,79.65,79.65,16216000,2027.0,51576000,752000
2018-05-08,NATIONALUM,2018-05-31,80.85,80.9,78.5,79.35,79.35,14864000,1858.0,50824000,1328000
2018-05-07,NATIONALUM,2018-05-31,81.7,81.7,79.5,80.55,80.55,18696000,2337.0,49496000,2256000
2018-05-04,NATIONALUM,2018-05-31,80.75,81.0,78.6,78.9,78.9,17840000,2230.0,47240000,1736000
2018-05-03,NATIONALUM,2018-05-31,80.3,81.9,80.0,80.9,80.9,19816000,2477.0,45504000,208000
2018-05-02,NATIONALUM,2018-05-31,81.2,81.85,79.2,79.95,79.95,17424000,2178.0,45296000,-1488000
2018-04-30,NATIONALUM,2018-05-31,82.2,82.8,80.6,81.0,81.0,12608000,1576.0,46784000,-1376000
2018-04-27,NATIONALUM,2018-05-31,81.4,82.8,80.6,82.1,82.1,22072000,2759.0,48160000,-536000
2018-04-26,NATIONALUM,2018-04-26,77.8,79.75,77.6,79.5,79.45,47472000,5934.0,5200000,-23848000
2018-04-25,NATIONALUM,2018-04-26,77.5,78.7,76.25,77.2,77.2,36064000,4508.0,29048000,-15240000
2018-04-24,NATIONALUM,2018-04-26,79.45,80.0,75.7,78.75,78.75,80344000,10043.0,44288000,-6592000
2018-04-23,NATIONALUM,2018-04-26,86.2,87.45,84.75,85.1,85.1,25632000,3204.0,50880000,-3200000
2018-04-20,NATIONALUM,2018-04-26,84.9,86.95,82.15,86.4,86.4,78672000,9834.0,54080000,448000
2018-04-19,NATIONALUM,2018-04-26,83.6,90.5,83.2,87.6,87.6,118312000,14789.0,53632000,10528000
2018-04-18,NATIONALUM,2018-04-26,79.2,80.8,78.75,80.35,80.35,29160000,3645.0,43104000,-2392000
2018-04-17,NATIONALUM,2018-04-26,78.3,79.4,77.3,78.3,78.3,27392000,3424.0,45496000,-432000
2018-04-16,NATIONALUM,2018-04-26,76.65,78.0,76.2,77.3,77.3,14472000,1809.0,45928000,1064000
2018-04-13,NATIONALUM,2018-04-26,77.5,78.25,75.7,77.2,77.2,26000000,3250.0,44864000,2968000
2018-04-12,NATIONALUM,2018-04-26,76.75,78.55,75.45,76.55,76.55,50736000,6342.0,41896000,-272000
2018-04-11,NATIONALUM,2018-04-26,73.9,76.15,73.3,75.4,75.4,27520000,3440.0,42168000,3752000
2018-04-10,NATIONALUM,2018-04-26,73.15,73.5,71.9,72.65,72.65,19008000,2376.0,38416000,552000
2018-04-09,NATIONALUM,2018-04-26,71.7,73.25,69.9,70.65,70.65,18464000,2308.0,37864000,1368000
2018-04-06,NATIONALUM,2018-04-26,72.9,72.9,70.65,70.9,70.9,8864000,1108.0,36496000,504000
2018-04-05,NATIONALUM,2018-04-26,71.75,73.15,71.65,72.45,72.45,12944000,1618.0,35992000,552000
2018-04-04,NATIONALUM,2018-04-26,69.2,71.7,69.15,70.15,70.15,30048000,3756.0,35440000,-920000
2018-04-03,NATIONALUM,2018-04-26,66.8,69.1,66.8,68.7,68.7,11376000,1422.0,36360000,-24000
2018-04-02,NATIONALUM,2018-04-26,66.9,67.95,66.4,67.65,67.65,6920000,865.0,36384000,-224000
2018-03-28,NATIONALUM,2018-03-28,66.95,67.9,65.7,66.5,66.45,32296000,4037.0,8184000,-12216000
2018-03-27,NATIONALUM,2018-03-28,68.1,68.85,66.75,67.8,67.8,20032000,2504.0,20400000,-8752000
2018-03-26,NATIONALUM,2018-03-28,66.3,68.1,65.4,67.7,67.7,17224000,2153.0,29152000,-5928000
2018-03-23,NATIONALUM,2018-03-28,66.8,67.4,65.25,66.65,66.65,20944000,2618.0,35080000,-2864000
2018-03-22,NATIONALUM,2018-03-28,65.1,70.25,64.9,69.15,69.15,36152000,4519.0,37944000,-1448000
2018-03-21,NATIONALUM,2018-03-28,66.4,67.0,64.65,65.0,65.0,8528000,1066.0,39392000,-376000
2018-03-20,NATIONALUM,2018-03-28,66.15,67.55,65.3,66.1,66.1,9024000,1128.0,39768000,160000
2018-03-19,NATIONALUM,2018-03-28,66.1,67.85,64.85,67.5,67.5,19768000,2471.0,39608000,-2608000
2018-03-16,NATIONALUM,2018-03-28,65.6,67.25,63.9,66.4,66.4,24160000,3020.0,42216000,-3008000
2018-03-15,NATIONALUM,2018-03-28,64.15,66.35,63.85,65.95,65.95,14136000,1767.0,45224000,-1008000
2018-03-14,NATIONALUM,2018-03-28,63.8,64.7,63.45,64.45,64.45,6200000,775.0,46232000,144000
2018-03-13,NATIONALUM,2018-03-28,63.9,64.85,63.3,63.95,63.95,7128000,891.0,46088000,-96000
2018-03-12,NATIONALUM,2018-03-28,62.8,64.25,62.0,64.1,64.1,8344000,1043.0,46184000,-392000
2018-03-09,NATIONALUM,2018-03-28,64.3,64.85,62.1,62.45,62.45,9512000,1189.0,46576000,-1368000
2018-03-08,NATIONALUM,2018-03-28,63.15,64.3,61.45,63.95,63.95,11160000,1395.0,47944000,-2040000
2018-03-07,NATIONALUM,2018-03-28,61.45,63.2,60.8,62.95,62.95,18632000,2329.0,49984000,-1248000
2018-03-06,NATIONALUM,2018-03-28,65.2,66.0,61.85,62.4,62.4,21824000,2728.0,51232000,-104000
2018-03-05,NATIONALUM,2018-03-28,66.65,67.0,63.45,64.15,64.15,11128000,1391.0,51336000,-288000
2018-03-01,NATIONALUM,2018-03-28,68.1,69.25,67.1,67.5,67.5,7640000,955.0,51624000,-1000000
2018-02-28,NATIONALUM,2018-03-28,66.85,68.95,66.15,68.7,68.7,8728000,1091.0,52624000,0
2018-02-27,NATIONALUM,2018-03-28,68.95,69.7,68.35,68.5,68.5,9592000,1199.0,52624000,-240000
2018-02-26,NATIONALUM,2018-03-28,68.85,69.75,67.3,68.25,68.25,15016000,1877.0,52864000,1352000
2018-02-23,NATIONALUM,2018-03-28,65.65,68.5,65.65,68.2,68.2,15704000,1963.0,51512000,-1312000
2018-02-22,NATIONALUM,2018-02-22,65.9,66.9,64.9,65.1,65.0,36376000,4547.0,7496000,-23952000
2018-02-21,NATIONALUM,2018-02-22,67.75,67.95,65.75,66.45,66.45,18208000,2276.0,31448000,-7936000
2018-02-20,NATIONALUM,2018-02-22,68.35,69.55,67.2,67.45,67.45,16160000,2020.0,39384000,-7504000
2018-02-19,NATIONALUM,2018-02-22,70.35,70.4,67.95,68.4,68.4,12024000,1503.0,46888000,-4672000
2018-02-16,NATIONALUM,2018-02-22,70.8,71.9,69.3,69.9,69.9,12568000,1571.0,51560000,-576000
2018-02-15,NATIONALUM,2018-02-22,70.2,72.6,70.05,70.6,70.6,14960000,1870.0,52136000,-952000
2018-02-14,NATIONALUM,2018-02-22,71.6,71.85,69.5,69.85,69.85,8768000,1096.0,53088000,-200000
2018-02-12,NATIONALUM,2018-02-22,74.4,74.9,70.3,70.7,70.7,26296000,3287.0,53288000,2472000
2018-02-09,NATIONALUM,2018-02-22,67.9,72.2,67.9,71.45,71.45,16896000,2112.0,50816000,400000
2018-02-08,NATIONALUM,2018-02-22,68.55,70.35,67.9,69.55,69.55,8424000,1053.0,50416000,-248000
2018-02-07,NATIONALUM,2018-02-22,68.7,69.8,68.1,68.35,68.35,9216000,1152.0,50664000,624000
2018-02-06,NATIONALUM,2018-02-22,66.0,69.3,65.1,67.7,67.7,16632000,2079.0,50040000,-720000
2018-02-05,NATIONALUM,2018-02-22,65.3,70.85,63.95,70.3,70.3,14248000,1781.0,50760000,-728000
2018-02-02,NATIONALUM,2018-02-22,70.85,72.7,66.05,67.3,67.3,19256000,2407.0,51488000,-1968000
2018-02-01,NATIONALUM,2018-02-22,73.9,74.2,70.85,72.05,72.05,10888000,1361.0,53456000,888000
2018-01-31,NATIONALUM,2018-02-22,76.0,76.6,72.4,73.3,73.3,21744000,2718.0,52568000,1920000
2018-01-30,NATIONALUM,2018-02-22,75.5,76.75,75.0,75.7,75.7,9800000,1225.0,50648000,-368000
2018-01-29,NATIONALUM,2018-02-22,78.0,78.55,74.75,75.4,75.4,11232000,1404.0,51016000,336000
2018-01-25,NATIONALUM,2018-01-25,76.4,77.95,76.2,76.8,76.9,35928000,4491.0,8184000,-20296000
2018-01-24,NATIONALUM,2018-01-25,78.5,78.95,75.75,76.05,76.05,17496000,2187.0,28480000,-6536000
2018-01-23,NATIONALUM,2018-01-25,77.85,80.7,77.25,78.7,78.7,29568000,3696.0,35016000,-9936000
2018-01-22,NATIONALUM,2018-01-25,77.55,78.4,76.3,77.35,77.35,12712000,1589.0,44952000,-3328000
2018-01-19,NATIONALUM,2018-01-25,75.7,77.5,74.9,77.3,77.3,15752000,1969.0,48280000,-128000
2018-01-18,NATIONALUM,2018-01-25,81.5,81.5,74.9,75.5,75.5,20608000,2576.0,48408000,1320000
2018-01-17,NATIONALUM,2018-01-25,78.7,80.8,75.1,80.5,80.5,23304000,2913.0,47088000,1304000
2018-01-16,NATIONALUM,2018-01-25,86.9,87.5,79.2,79.85,79.85,26080000,3260.0,45784000,3520000
2018-01-15,NATIONALUM,2018-01-25,85.55,87.2,85.0,86.5,86.5,15536000,1942.0,42264000,-744000
2018-01-12,NATIONALUM,2018-01-25,85.95,86.1,83.15,84.4,84.4,9576000,1197.0,43008000,216000
2018-01-11,NATIONALUM,2018-01-25,84.25,85.9,84.15,84.85,84.85,6096000,762.0,42792000,160000
2018-01-10,NATIONALUM,2018-01-25,85.4,86.35,83.7,84.5,84.5,9968000,1246.0,42632000,1472000
2018-01-09,NATIONALUM,2018-01-25,87.55,87.6,84.95,85.25,85.25,10664000,1333.0,41160000,336000
2018-01-08,NATIONALUM,2018-01-25,88.35,89.0,86.2,86.55,86.55,13088000,1636.0,40824000,1376000
2018-01-05,NATIONALUM,2018-01-25,90.0,90.0,87.3,87.8,87.8,13880000,1735.0,39448000,-928000
2018-01-04,NATIONALUM,2018-01-25,86.95,89.1,86.3,88.55,88.55,21592000,2699.0,40376000,-1256000
2018-01-03,NATIONALUM,2018-01-25,86.45,87.55,86.05,86.7,86.7,11144000,1393.0,41632000,-1224000
2018-01-02,NATIONALUM,2018-01-25,86.85,87.35,84.55,85.95,85.95,12784000,1598.0,42856000,576000
2018-01-01,NATIONALUM,2018-01-25,86.4,88.1,85.6,86.0,86.0,11816000,1477.0,42280000,-416000
2017-12-29,NATIONALUM,2018-01-25,88.05,88.25,86.1,86.45,86.45,18976000,2372.0,42696000,-440000
2017-12-28,NATIONALUM,2017-12-28,82.5,87.2,82.4,86.4,86.35,42160000,5270.0,8736000,-14536000
2017-12-27,NATIONALUM,2017-12-28,83.4,84.6,81.25,81.65,81.65,22056000,2757.0,23272000,-10352000
2017-12-26,NATIONALUM,2017-12-28,83.4,83.7,82.6,82.85,82.85,11448000,1431.0,33624000,-3696000
2017-12-22,NATIONALUM,2017-12-28,83.3,83.75,81.4,82.5,82.5,11256000,1407.0,37320000,-1344000
2017-12-21,NATIONALUM,2017-12-28,82.45,83.8,82.2,82.85,82.85,14808000,1851.0,38664000,-744000
2017-12-20,NATIONALUM,2017-12-28,79.1,83.4,78.9,81.85,81.85,28784000,3598.0,39408000,800000
2017-12-19,NATIONALUM,2017-12-28,79.0,79.3,78.15,78.85,78.85,7496000,937.0,38608000,416000
2017-12-18,NATIONALUM,2017-12-28,77.0,79.4,73.35,77.75,77.75,13216000,1652.0,38192000,1568000
2017-12-15,NATIONALUM,2017-12-28,77.9,78.5,77.6,78.0,78.0,6456000,807.0,36624000,-544000
2017-12-14,NATIONALUM,2017-12-28,76.15,77.15,75.2,76.8,76.8,9440000,1180.0,37168000,-656000
2017-12-13,NATIONALUM,2017-12-28,77.8,77.9,75.25,75.65,75.65,8048000,1006.0,37824000,-56000
2017-12-12,NATIONALUM,2017-12-28,77.85,79.3,77.3,77.55,77.55,6096000,762.0,37880000,200000
2017-12-11,NATIONALUM,2017-12-28,78.9,79.3,77.25,77.85,77.85,5648000,706.0,37680000,56000
2017-12-08,NATIONALUM,2017-12-28,78.0,79.6,77.95,78.8,78.8,9288000,1161.0,37624000,208000
2017-12-07,NATIONALUM,2017-12-28,76.6,77.95,76.6,77.7,77.7,6872000,859.0,37416000,848000
2017-12-06,NATIONALUM,2017-12-28,77.9,78.0,76.4,76.65,76.65,7888000,986.0,36568000,424000
2017-12-05,NATIONALUM,2017-12-28,80.3,80.45,77.6,78.7,78.7,11320000,1415.0,36144000,688000
2017-12-04,NATIONALUM,2017-12-28,81.55,82.0,79.9,80.35,80.35,8696000,1087.0,35456000,-384000
2017-12-01,NATIONALUM,2017-12-28,83.0,83.85,80.5,81.1,81.1,20856000,2607.0,35840000,-1176000
2017-11-30,NATIONALUM,2017-11-30,79.7,82.4,79.0,82.0,81.85,31992000,3999.0,6176000,-15392000
2017-11-29,NATIONALUM,2017-11-30,82.3,83.15,79.8,80.35,80.35,21000000,2625.0,21568000,-7224000
2017-11-28,NATIONALUM,2017-11-30,80.75,82.85,77.8,82.1,82.1,33328000,4166.0,28792000,-8648000
2017-11-27,NATIONALUM,2017-11-30,81.7,81.75,80.65,81.45,81.45,9264000,1158.0,37440000,-1752000
2017-11-24,NATIONALUM,2017-11-30,82.65,83.15,81.45,81.85,81.85,6416000,802.0,39192000,288000
2017-11-23,NATIONALUM,2017-11-30,82.55,83.4,81.45,82.65,82.65,10056000,1257.0,38904000,296000
2017-11-22,NATIONALUM,2017-11-30,82.8,83.8,81.7,81.95,81.95,9856000,1232.0,38608000,872000
2017-11-21,NATIONALUM,2017-11-30,86.0,86.2,82.2,83.05,83.05,19176000,2397.0,37736000,1768000
2017-11-20,NATIONALUM,2017-11-30,80.85,85.75,80.0,85.45,85.45,21296000,2662.0,35968000,600000
2017-11-17,NATIONALUM,2017-11-30,83.45,84.6,80.8,81.8,81.8,18512000,2314.0,35368000,976000
2017-11-16,NATIONALUM,2017-11-30,81.45,82.0,79.75,81.45,81.45,11808000,1476.0,34392000,2552000
2017-11-15,NATIONALUM,2017-11-30,84.9,85.0,79.2,80.4,80.4,13920000,1740.0,31840000,1360000
2017-11-14,NATIONALUM,2017-11-30,87.95,88.25,84.7,85.3,85.3,7424000,928.0,30480000,1664000
2017-11-13,NATIONALUM,2017-11-30,88.45,90.5,87.15,87.45,87.45,8528000,1066.0,28816000,144000
2017-11-10,NATIONALUM,2017-11-30,88.9,88.9,86.55,87.5,87.5,8088000,1011.0,28672000,1120000
2017-11-09,NATIONALUM,2017-11-30,88.3,90.55,87.4,89.4,89.4,9472000,1184.0,27552000,296000
2017-11-08,NATIONALUM,2017-11-30,91.65,92.95,85.8,87.5,87.5,13232000,1654.0,27256000,-600000
2017-11-07,NATIONALUM,2017-11-30,95.45,97.2,90.0,91.75,91.75,11992000,1499.0,27856000,184000
2017-11-06,NATIONALUM,2017-11-30,94.65,96.9,94.25,95.1,95.1,8904000,1113.0,27672000,424000
2017-11-03,NATIONALUM,2017-11-30,94.15,97.25,93.4,94.7,94.7,12496000,1562.0,27248000,-304000
2017-11-02,NATIONALUM,2017-11-30,94.85,96.55,93.0,93.6,93.6,7488000,936.0,27552000,1176000
2017-11-01,NATIONALUM,2017-11-30,96.95,97.95,94.45,95.05,95.05,15688000,1961.0,26376000,808000
2017-10-31,NATIONALUM,2017-11-30,92.1,97.35,91.2,96.45,96.45,25160000,3145.0,25568000,3312000
2017-10-30,NATIONALUM,2017-11-30,90.5,93.8,90.5,92.15,92.15,7328000,916.0,22256000,136000
2017-10-27,NATIONALUM,2017-11-30,92.15,93.4,90.6,91.95,91.95,14312000,1789.0,22120000,-888000
2017-10-26,NATIONALUM,2017-10-26,90.05,92.6,89.5,91.6,91.7,28856000,3607.0,2304000,-10120000
2017-10-25,NATIONALUM,2017-10-26,85.8,90.2,85.0,89.6,89.6,22488000,2811.0,12424000,-4408000
2017-10-24,NATIONALUM,2017-10-26,84.7,87.35,83.7,85.5,85.5,18192000,2274.0,16832000,-4832000
2017-10-23,NATIONALUM,2017-10-26,86.25,87.05,84.75,85.15,85.15,10592000,1324.0,21664000,-328000
2017-10-19,NATIONALUM,2017-10-26,87.0,87.5,84.5,85.35,85.35,3200000,400.0,21992000,-936000
2017-10-18,NATIONALUM,2017-10-26,89.0,89.35,86.2,87.35,87.35,11624000,1453.0,22928000,-1160000
2017-10-17,NATIONALUM,2017-10-26,86.05,89.6,85.6,89.1,89.1,21144000,2643.0,24088000,192000
2017-10-16,NATIONALUM,2017-10-26,86.0,87.4,85.6,86.5,86.5,11392000,1424.0,23896000,368000
2017-10-13,NATIONALUM,2017-10-26,87.0,87.85,85.15,85.35,85.35,14848000,1856.0,23528000,-624000
2017-10-12,NATIONALUM,2017-10-26,82.4,86.9,81.55,86.65,86.65,36848000,4606.0,24152000,2776000
2017-10-11,NATIONALUM,2017-10-26,81.75,83.15,80.2,81.8,81.8,19456000,2432.0,21376000,-1792000
2017-10-10,NATIONALUM,2017-10-26,80.95,81.65,79.3,81.2,81.2,9960000,1245.0,23168000,-760000
2017-10-09,NATIONALUM,2017-10-26,82.3,83.15,80.3,80.5,80.5,7448000,931.0,23928000,400000
2017-10-06,NATIONALUM,2017-10-26,80.0,83.0,80.0,82.2,82.2,16096000,2012.0,23528000,496000
2017-10-05,NATIONALUM,2017-10-26,79.05,80.7,79.05,79.75,79.75,6656000,832.0,23032000,744000
2017-10-04,NATIONALUM,2017-10-26,80.45,80.9,78.65,79.15,79.15,6544000,818.0,22288000,1232000
2017-10-03,NATIONALUM,2017-10-26,80.3,82.0,79.1,80.2,80.2,14848000,1856.0,21056000,1176000
2017-09-29,NATIONALUM,2017-10-26,79.0,80.7,77.7,78.4,78.4,14616000,1827.0,19880000,840000
2017-09-28,NATIONALUM,2017-09-28,73.1,77.95,73.1,76.25,76.3,16864000,2108.0,4192000,-5640000
2017-09-27,NATIONALUM,2017-09-28,77.3,77.65,74.0,74.75,74.75,10896000,1362.0,9832000,-5360000
2017-09-26,NATIONALUM,2017-09-28,75.0,77.3,74.3,76.7,76.7,9648000,1206.0,15192000,-2008000
2017-09-25,NATIONALUM,2017-09-28,75.55,75.7,71.3,74.65,74.65,13248000,1656.0,17200000,-3472000
2017-09-22,NATIONALUM,2017-09-28,81.8,81.8,75.3,76.15,76.15,15808000,1976.0,20672000,-1480000
2017-09-21,NATIONALUM,2017-09-28,83.0,84.15,80.0,82.35,82.35,17696000,2212.0,22152000,968000
2017-09-20,NATIONALUM,2017-09-28,81.1,84.5,80.75,82.85,82.85,22440000,2805.0,21184000,1976000
2017-09-19,NATIONALUM,2017-09-28,83.15,83.5,80.6,80.9,80.9,7248000,906.0,19208000,1112000
2017-09-18,NATIONALUM,2017-09-28,80.9,84.35,80.9,82.7,82.7,12272000,1534.0,18096000,144000
2017-09-15,NATIONALUM,2017-09-28,80.75,82.0,79.5,80.4,80.4,7976000,997.0,17952000,1936000
2017-09-14,NATIONALUM,2017-09-28,82.65,83.4,81.05,81.3,81.3,4336000,542.0,16016000,304000
2017-09-13,NATIONALUM,2017-09-28,81.65,85.5,81.55,82.3,82.3,14272000,1784.0,15712000,-120000
2017-09-12,NATIONALUM,2017-09-28,83.5,84.2,81.75,82.15,82.15,5520000,690.0,15832000,512000
2017-09-11,NATIONALUM,2017-09-28,82.15,84.9,80.45,83.25,83.25,17048000,2131.0,15320000,416000
2017-09-08,NATIONALUM,2017-09-28,84.4,84.55,79.55,81.4,81.4,22656000,2832.0,14904000,1144000
2017-09-07,NATIONALUM,2017-09-28,74.75,84.35,74.7,83.4,83.4,44912000,5614.0,13760000,1984000
2017-09-06,NATIONALUM,2017-09-28,73.65,74.85,73.05,74.3,74.3,2480000,310.0,11776000,-24000
2017-09-05,NATIONALUM,2017-09-28,74.5,75.2,73.25,74.35,74.35,2392000,299.0,11800000,184000
2017-09-04,NATIONALUM,2017-09-28,73.0,76.2,71.15,74.0,74.0,7752000,969.0,11616000,-384000
2017-09-01,NATIONALUM,2017-09-28,73.45,75.65,72.65,75.3,75.3,9008000,1126.0,12000000,896000
2017-08-31,NATIONALUM,2017-08-31,69.55,72.25,69.5,72.1,72.25,10008000,1251.0,1184000,-4328000
2017-08-30,NATIONALUM,2017-08-31,68.6,70.0,68.5,69.55,69.55,6472000,809.0,5512000,-3304000
2017-08-29,NATIONALUM,2017-08-31,69.25,69.75,67.7,68.05,68.05,3904000,488.0,8816000,-768000
2017-08-28,NATIONALUM,2017-08-31,69.9,70.7,69.65,69.8,69.8,2360000,295.0,9584000,-112000
2017-08-24,NATIONALUM,2017-08-31,70.45,71.0,69.4,69.95,69.95,2192000,274.0,9696000,312000
2017-08-23,NATIONALUM,2017-08-31,70.35,70.35,69.1,70.05,70.05,1080000,135.0,9384000,-88000
2017-08-22,NATIONALUM,2017-08-31,70.0,70.65,68.7,69.65,69.65,2240000,280.0,9472000,-288000
2017-08-21,NATIONALUM,2017-08-31,70.85,71.7,69.0,69.6,69.6,3552000,444.0,9760000,-304000
2017-08-18,NATIONALUM,2017-08-31,69.8,70.4,68.65,70.25,70.25,2896000,362.0,10064000,-120000
2017-08-17,NATIONALUM,2017-08-31,70.1,71.75,69.8,70.4,70.4,5056000,632.0,10184000,-808000
2017-08-16,NATIONALUM,2017-08-31,66.9,70.95,65.95,69.4,69.4,5456000,682.0,10992000,-560000
2017-08-14,NATIONALUM,2017-08-31,63.45,66.4,63.25,66.2,66.2,3464000,433.0,11552000,-784000
2017-08-11,NATIONALUM,2017-08-31,63.65,65.35,62.0,62.5,62.5,4320000,540.0,12336000,-568000
2017-08-10,NATIONALUM,2017-08-31,68.15,68.75,63.55,65.25,65.25,7672000,959.0,12904000,-864000
2017-08-09,NATIONALUM,2017-08-31,70.5,72.8,69.25,70.6,70.6,9968000,1246.0,13768000,16000
2017-08-08,NATIONALUM,2017-08-31,70.7,73.5,69.8,70.4,70.4,14272000,1784.0,13752000,1488000
2017-08-07,NATIONALUM,2017-08-31,69.5,70.25,66.85,69.6,69.6,2208000,276.0,12264000,8000
2017-08-04,NATIONALUM,2017-08-31,66.2,69.75,66.2,69.5,69.5,3168000,396.0,12256000,-464000
2017-08-03,NATIONALUM,2017-08-31,70.7,70.7,66.8,67.0,67.0,3336000,417.0,12720000,760000
2017-08-02,NATIONALUM,2017-08-31,70.8,71.1,69.3,70.15,70.15,2176000,272.0,11960000,208000
2017-08-01,NATIONALUM,2017-08-31,70.75,71.75,70.1,70.3,70.3,2440000,305.0,11752000,184000
2017-07-31,NATIONALUM,2017-08-31,70.7,73.25,70.2,70.4,70.4,4776000,597.0,11568000,1192000
2017-07-28,NATIONALUM,2017-08-31,70.2,70.9,69.5,70.2,70.2,1560000,195.0,10376000,136000
2017-07-27,NATIONALUM,2017-07-27,71.15,71.4,69.85,70.2,70.35,7112000,889.0,2512000,-3800000
2017-07-26,NATIONALUM,2017-07-27,71.3,73.3,70.7,70.85,70.85,6528000,816.0,6312000,-1472000
2017-07-25,NATIONALUM,2017-07-27,70.2,71.25,69.6,70.95,70.95,4032000,504.0,7784000,-856000
2017-07-24,NATIONALUM,2017-07-27,70.35,71.5,69.65,70.1,70.1,2936000,367.0,8640000,-744000
2017-07-21,NATIONALUM,2017-07-27,70.4,71.25,70.0,70.75,70.75,4464000,558.0,9384000,-888000
2017-07-20,NATIONALUM,2017-07-27,70.35,71.8,69.1,70.2,70.2,3688000,461.0,10272000,72000
2017-07-19,NATIONALUM,2017-07-27,69.85,72.25,69.5,71.5,71.5,7904000,988.0,10200000,-232000
2017-07-18,NATIONALUM,2017-07-27,69.65,70.75,68.5,69.05,69.05,3024000,378.0,10432000,224000
2017-07-17,NATIONALUM,2017-07-27,70.5,72.25,69.7,70.15,70.15,6360000,795.0,10208000,1136000
2017-07-14,NATIONALUM,2017-07-27,74.7,75.0,69.35,70.2,70.2,12584000,1573.0,9072000,1200000
2017-07-13,NATIONALUM,2017-07-27,68.3,74.25,68.0,72.95,72.95,15128000,1891.0,7872000,1304000
2017-07-12,NATIONALUM,2017-07-27,68.25,68.35,67.15,68.2,68.2,840000,105.0,6568000,8000
2017-07-11,NATIONALUM,2017-07-27,68.05,68.35,67.1,67.35,67.35,1552000,194.0,6560000,176000
2017-07-10,NATIONALUM,2017-07-27,67.9,68.5,67.8,68.35,68.35,448000,56.0,6384000,-56000
2017-07-07,NATIONALUM,2017-07-27,69.0,69.25,67.75,67.9,67.9,1984000,248.0,6440000,264000
2017-07-06,NATIONALUM,2017-07-27,67.8,69.95,67.3,69.05,69.05,4248000,531.0,6176000,120000
2017-07-05,NATIONALUM,2017-07-27,67.75,68.25,67.45,67.75,67.75,2184000,273.0,6056000,368000
2017-07-04,NATIONALUM,2017-07-27,65.5,68.4,65.25,67.65,67.65,6240000,780.0,5688000,1440000
2017-07-03,NATIONALUM,2017-07-27,64.9,66.05,64.9,65.3,65.3,712000,89.0,4248000,96000
2017-06-30,NATIONALUM,2017-07-27,65.45,66.2,64.9,65.25,65.25,1096000,137.0,4152000,192000
2017-06-29,NATIONALUM,2017-06-29,64.5,65.55,64.15,65.05,65.1,3880000,485.0,1000000,-2008000
2017-06-28,NATIONALUM,2017-06-29,62.1,65.25,62.0,64.5,64.5,3752000,469.0,3008000,-880000
2017-06-27,NATIONALUM,2017-06-29,61.55,62.95,61.5,62.75,62.75,1736000,217.0,3888000,-904000
2017-06-23,NATIONALUM,2017-06-29,63.15,63.15,61.5,61.65,61.65,1256000,157.0,4792000,-168000
2017-06-22,NATIONALUM,2017-06-29,63.3,64.3,62.65,62.9,62.9,1184000,148.0,4960000,-112000
2017-06-21,NATIONALUM,2017-06-29,62.65,64.2,61.05,63.2,63.2,1496000,187.0,5072000,-176000
2017-06-20,NATIONALUM,2017-06-29,65.0,65.0,63.1,63.35,63.35,1128000,141.0,5248000,200000
2017-06-19,NATIONALUM,2017-06-29,65.15,65.35,64.25,64.5,64.5,864000,108.0,5048000,224000
2017-06-16,NATIONALUM,2017-06-29,65.35,65.85,65.2,65.35,65.35,480000,60.0,4824000,-120000
2017-06-15,NATIONALUM,2017-06-29,65.0,65.95,65.0,65.5,65.5,784000,98.0,4944000,104000
2017-06-14,NATIONALUM,2017-06-29,65.45,65.7,65.0,65.25,65.25,344000,43.0,4840000,-40000
2017-06-13,NATIONALUM,2017-06-29,65.25,65.7,65.0,65.1,65.1,808000,101.0,4880000,-120000
2017-06-12,NATIONALUM,2017-06-29,67.4,67.4,65.0,65.2,65.2,776000,97.0,5000000,-64000
2017-06-09,NATIONALUM,2017-06-29,66.6,66.9,65.75,66.7,66.7,1328000,166.0,5064000,32000
2017-06-08,NATIONALUM,2017-06-29,65.95,67.2,65.5,66.85,66.85,2032000,254.0,5032000,216000
2017-06-07,NATIONALUM,2017-06-29,65.3,65.85,65.0,65.6,65.6,584000,73.0,4816000,-128000
2017-06-06,NATIONALUM,2017-06-29,65.85,66.0,64.9,65.15,65.15,936000,117.0,4944000,-120000
2017-06-05,NATIONALUM,2017-06-29,66.3,66.5,65.6,65.8,65.8,792000,99.0,5064000,-24000
2017-06-02,NATIONALUM,2017-06-29,66.85,67.2,65.8,66.1,66.1,1248000,156.0,5088000,320000
2017-06-01,NATIONALUM,2017-06-29,67.7,67.7,66.45,66.75,66.75,856000,107.0,4768000,72000
2017-05-31,NATIONALUM,2017-06-29,67.15,68.1,66.4,67.55,67.55,4168000,521.0,4696000,520000
2017-05-30,NATIONALUM,2017-06-29,68.45,68.45,65.75,66.8,66.8,2728000,341.0,4176000,112000
2017-05-29,NATIONALUM,2017-06-29,68.55,71.75,68.35,68.95,68.95,7152000,894.0,4064000,1680000
2017-05-26,NATIONALUM,2017-06-29,67.8,69.3,67.65,68.75,68.75,4608000,576.0,2384000,2384000
2012-04-26,NATIONALUM,2012-04-26,60.65,60.65,57.1,57.85,57.9,512000,128.0,376000,-132000
2012-04-25,NATIONALUM,2012-04-26,59.05,59.4,57.1,59.15,59.15,440000,110.0,508000,-224000
2012-04-24,NATIONALUM,2012-04-26,56.0,60.85,55.75,60.3,60.3,1044000,261.0,732000,-276000
2012-04-23,NATIONALUM,2012-04-26,55.95,57.1,55.3,55.45,55.45,416000,104.0,1008000,-148000
2012-04-20,NATIONALUM,2012-04-26,59.5,59.65,55.15,56.25,56.25,464000,116.0,1156000,-132000
2012-04-19,NATIONALUM,2012-04-26,59.8,60.3,59.5,59.6,59.6,92000,23.0,1288000,-16000
2012-04-18,NATIONALUM,2012-04-26,59.65,60.9,58.85,59.8,59.8,468000,117.0,1304000,-8000
2012-04-17,NATIONALUM,2012-04-26,59.15,59.8,58.7,59.25,59.25,92000,23.0,1312000,8000
2012-04-16,NATIONALUM,2012-04-26,58.0,59.55,57.6,59.05,59.05,220000,55.0,1304000,-8000
2012-04-13,NATIONALUM,2012-04-26,60.9,60.9,57.3,58.2,58.2,364000,91.0,1312000,-24000
2012-04-12,NATIONALUM,2012-04-26,59.95,60.9,59.8,60.6,60.6,540000,135.0,1336000,28000
2012-04-11,NATIONALUM,2012-04-26,58.95,60.55,58.75,59.65,59.65,316000,79.0,1308000,-20000
2012-04-10,NATIONALUM,2012-04-26,59.9,59.9,58.5,59.35,59.35,112000,28.0,1328000,-32000
2012-04-09,NATIONALUM,2012-04-26,60.15,60.9,58.45,59.25,59.25,452000,113.0,1360000,-28000
2012-04-04,NATIONALUM,2012-04-26,61.0,63.2,60.5,61.25,61.25,1088000,272.0,1388000,0
2012-04-03,NATIONALUM,2012-04-26,56.25,62.45,56.25,61.8,61.8,2444000,611.0,1388000,-56000
2012-04-02,NATIONALUM,2012-04-26,55.25,56.25,55.0,55.45,55.45,204000,51.0,1444000,-32000
2012-03-30,NATIONALUM,2012-04-26,54.1,55.4,53.85,55.0,55.0,536000,134.0,1476000,124000
2012-03-29,NATIONALUM,2012-03-29,54.0,54.4,52.55,53.2,52.9,1036000,259.0,592000,-264000
2012-03-28,NATIONALUM,2012-03-29,56.6,56.6,53.9,54.2,54.2,652000,163.0,856000,-244000
2012-03-27,NATIONALUM,2012-03-29,53.9,55.95,53.75,55.55,55.55,776000,194.0,1100000,-428000
2012-03-26,NATIONALUM,2012-03-29,54.4,55.25,53.05,53.7,53.7,476000,119.0,1528000,-144000
2012-03-23,NATIONALUM,2012-03-29,55.65,56.3,54.25,55.0,55.0,588000,147.0,1672000,-204000
2012-03-22,NATIONALUM,2012-03-29,57.15,58.5,54.25,55.1,55.1,564000,141.0,1876000,-188000
2012-03-21,NATIONALUM,2012-03-29,56.5,58.0,56.5,57.6,57.6,236000,59.0,2064000,-16000
2012-03-20,NATIONALUM,2012-03-29,55.5,57.4,55.5,56.55,56.55,408000,102.0,2080000,-16000
2012-03-19,NATIONALUM,2012-03-29,57.4,57.4,55.3,55.75,55.75,348000,87.0,2096000,4000
2012-03-16,NATIONALUM,2012-03-29,59.0,59.4,56.3,56.6,56.6,416000,104.0,2092000,144000
2012-03-15,NATIONALUM,2012-03-29,60.85,60.85,57.55,58.3,58.3,452000,113.0,1948000,-64000
2012-03-14,NATIONALUM,2012-03-29,61.6,61.65,60.2,60.95,60.95,196000,49.0,2012000,-36000
2012-03-13,NATIONALUM,2012-03-29,61.25,61.75,60.6,60.75,60.75,356000,89.0,2048000,88000
2012-03-12,NATIONALUM,2012-03-29,61.75,61.9,60.65,60.9,60.9,196000,49.0,1960000,28000
2012-03-09,NATIONALUM,2012-03-29,58.6,61.7,58.6,61.3,61.3,356000,89.0,1932000,0
2012-03-07,NATIONALUM,2012-03-29,57.75,58.5,57.1,58.25,58.25,256000,64.0,1932000,-56000
2012-03-06,NATIONALUM,2012-03-29,60.0,62.3,58.1,58.8,58.8,320000,80.0,1988000,-20000
2012-03-05,NATIONALUM,2012-03-29,60.3,61.45,60.1,60.8,60.8,200000,50.0,2008000,-24000
2012-03-03,NATIONALUM,2012-03-29,61.15,61.6,61.15,61.5,61.5,20000,5.0,2032000,0
2012-03-02,NATIONALUM,2012-03-29,62.65,63.3,61.0,61.35,61.35,448000,112.0,2032000,72000
2012-03-01,NATIONALUM,2012-03-29,60.65,62.65,60.65,61.65,61.65,544000,136.0,1960000,-80000
2012-02-29,NATIONALUM,2012-03-29,64.75,64.75,58.65,61.0,61.0,380000,95.0,2040000,-76000
2012-02-28,NATIONALUM,2012-03-29,59.55,63.0,59.55,62.65,62.65,300000,75.0,2116000,-12000
2012-02-27,NATIONALUM,2012-03-29,62.0,62.0,58.8,59.6,59.6,244000,61.0,2128000,-44000
2012-02-24,NATIONALUM,2012-03-29,63.5,64.5,61.95,62.45,62.45,376000,94.0,2172000,8000
2012-02-23,NATIONALUM,2012-02-23,61.5,62.25,60.75,61.5,61.55,1264000,316.0,440000,-496000
2012-02-22,NATIONALUM,2012-02-23,67.8,68.2,60.9,61.5,61.5,1804000,451.0,936000,-1080000
2012-02-21,NATIONALUM,2012-02-23,66.95,68.45,66.9,67.25,67.25,680000,170.0,2016000,-232000
2012-02-17,NATIONALUM,2012-02-23,67.9,68.0,66.2,66.8,66.8,888000,222.0,2248000,-216000
2012-02-16,NATIONALUM,2012-02-23,66.15,68.15,66.15,67.3,67.3,1288000,322.0,2464000,-92000
2012-02-15,NATIONALUM,2012-02-23,64.2,66.2,63.95,65.9,65.9,1292000,323.0,2556000,-204000
2012-02-14,NATIONALUM,2012-02-23,63.7,64.3,63.55,64.0,64.0,396000,99.0,2760000,-48000
2012-02-13,NATIONALUM,2012-02-23,63.85,64.8,63.3,63.95,63.95,680000,170.0,2808000,148000
2012-02-10,NATIONALUM,2012-02-23,63.15,64.8,63.1,63.75,63.75,1088000,272.0,2660000,-108000
2012-02-09,NATIONALUM,2012-02-23,62.1,63.7,61.25,63.45,63.45,1004000,251.0,2768000,36000
2012-02-08,NATIONALUM,2012-02-23,60.7,62.9,60.55,62.65,62.65,1128000,282.0,2732000,-104000
2012-02-07,NATIONALUM,2012-02-23,61.65,63.0,59.95,60.95,60.95,1744000,436.0,2836000,-244000
2012-02-06,NATIONALUM,2012-02-23,64.8,65.55,60.5,61.7,61.7,3532000,883.0,3080000,-488000
2012-02-03,NATIONALUM,2012-02-23,62.8,65.35,60.5,64.3,64.3,2592000,648.0,3568000,544000
2012-02-02,NATIONALUM,2012-02-23,60.75,63.3,60.6,62.35,62.35,2216000,554.0,3024000,292000
2012-02-01,NATIONALUM,2012-02-23,58.3,61.1,57.7,60.3,60.3,1600000,400.0,2732000,452000
2012-01-31,NATIONALUM,2012-02-23,56.45,58.05,56.1,57.8,57.8,764000,191.0,2280000,172000
2012-01-30,NATIONALUM,2012-02-23,59.75,60.0,55.7,56.6,56.6,876000,219.0,2108000,64000
2012-01-27,NATIONALUM,2012-02-23,58.45,61.5,58.0,59.95,59.95,2092000,523.0,2044000,612000
2012-01-25,NATIONALUM,2012-01-25,55.15,56.85,55.15,56.65,56.85,1180000,295.0,360000,-560000
2012-01-24,NATIONALUM,2012-01-25,56.2,56.2,54.4,54.9,54.9,668000,167.0,920000,-452000
2012-01-23,NATIONALUM,2012-01-25,55.2,56.1,53.9,54.35,54.35,404000,101.0,1372000,-40000
2012-01-20,NATIONALUM,2012-01-25,57.0,57.5,54.95,55.3,55.3,368000,92.0,1412000,80000
2012-01-19,NATIONALUM,2012-01-25,57.0,57.15,55.8,56.6,56.6,252000,63.0,1332000,12000
2012-01-18,NATIONALUM,2012-01-25,58.2,58.85,55.6,56.0,56.0,312000,78.0,1320000,36000
2012-01-17,NATIONALUM,2012-01-25,57.65,60.0,57.5,58.45,58.45,656000,164.0,1284000,16000
2012-01-16,NATIONALUM,2012-01-25,56.7,57.7,56.7,57.3,57.3,260000,65.0,1268000,-20000
2012-01-13,NATIONALUM,2012-01-25,58.5,60.3,58.1,58.4,58.4,808000,202.0,1288000,4000
2012-01-12,NATIONALUM,2012-01-25,57.35,58.15,56.65,57.25,57.25,472000,118.0,1284000,108000
2012-01-11,NATIONALUM,2012-01-25,57.4,58.4,56.8,57.15,57.15,352000,88.0,1176000,28000
2012-01-10,NATIONALUM,2012-01-25,57.2,57.7,56.6,56.95,56.95,268000,67.0,1148000,48000
2012-01-09,NATIONALUM,2012-01-25,55.25,57.2,55.15,56.55,56.55,660000,165.0,1100000,128000
2012-01-07,NATIONALUM,2012-01-25,55.0,56.35,54.85,55.95,55.95,128000,32.0,972000,40000
2012-01-06,NATIONALUM,2012-01-25,53.6,55.2,53.1,54.5,54.5,216000,54.0,932000,-24000
2012-01-05,NATIONALUM,2012-01-25,54.6,54.8,53.3,53.9,53.9,212000,53.0,956000,-72000
2012-01-04,NATIONALUM,2012-01-25,54.5,55.4,54.2,54.7,54.7,388000,97.0,1028000,24000
2012-01-03,NATIONALUM,2012-01-25,54.65,55.25,53.5,54.35,54.35,680000,170.0,1004000,80000
2012-01-02,NATIONALUM,2012-01-25,51.5,54.85,51.05,54.05,54.05,856000,214.0,924000,180000
2011-12-30,NATIONALUM,2012-01-25,50.9,51.5,50.0,51.15,51.15,144000,36.0,744000,-16000
2011-12-29,NATIONALUM,2011-12-29,48.2,51.0,48.2,50.0,50.0,632000,316.0,396000,-168000
2011-12-28,NATIONALUM,2011-12-29,49.05,49.45,47.55,48.3,48.3,338000,169.0,564000,-140000
2011-12-27,NATIONALUM,2011-12-29,51.0,51.2,49.25,49.5,49.5,284000,142.0,704000,-144000
2011-12-26,NATIONALUM,2011-12-29,50.95,51.65,50.7,51.05,51.05,48000,24.0,848000,-22000
2011-12-23,NATIONALUM,2011-12-29,51.6,51.6,50.75,50.85,50.85,78000,39.0,870000,10000
2011-12-22,NATIONALUM,2011-12-29,50.2,51.5,50.15,51.4,51.4,84000,42.0,860000,10000
2011-12-21,NATIONALUM,2011-12-29,51.0,51.6,49.4,51.15,51.15,138000,69.0,850000,0
2011-12-20,NATIONALUM,2011-12-29,49.4,50.9,49.4,50.2,50.2,58000,29.0,850000,-24000
2011-12-19,NATIONALUM,2011-12-29,49.1,50.7,49.1,50.4,50.4,66000,33.0,874000,-16000
2011-12-16,NATIONALUM,2011-12-29,51.85,52.0,50.0,50.2,50.2,86000,43.0,890000,-12000
2011-12-15,NATIONALUM,2011-12-29,49.55,51.35,49.55,51.1,51.1,86000,43.0,902000,-14000
2011-12-14,NATIONALUM,2011-12-29,51.95,51.95,50.8,50.95,50.95,30000,15.0,916000,6000
2011-12-13,NATIONALUM,2011-12-29,50.0,52.15,50.0,51.75,51.75,84000,42.0,910000,10000
2011-12-12,NATIONALUM,2011-12-29,50.35,52.5,50.35,51.1,51.1,140000,70.0,900000,-38000
2011-12-09,NATIONALUM,2011-12-29,48.35,51.65,48.2,51.3,51.3,154000,77.0,938000,-20000
2011-12-08,NATIONALUM,2011-12-29,54.0,54.0,49.7,51.25,51.25,308000,154.0,958000,-22000
2011-12-07,NATIONALUM,2011-12-29,54.9,55.45,54.55,54.65,54.65,74000,37.0,980000,8000
2011-12-05,NATIONALUM,2011-12-29,54.4,54.85,54.1,54.45,54.45,80000,40.0,972000,22000
2011-12-02,NATIONALUM,2011-12-29,53.35,55.6,53.35,55.3,55.3,222000,111.0,950000,34000
2011-12-01,NATIONALUM,2011-12-29,54.5,56.0,53.35,53.7,53.7,194000,97.0,916000,-6000
2011-11-30,NATIONALUM,2011-12-29,52.6,53.6,52.6,53.05,53.05,106000,53.0,922000,-12000
2011-11-29,NATIONALUM,2011-12-29,53.4,53.95,52.9,53.15,53.15,124000,62.0,934000,-20000
2011-11-28,NATIONALUM,2011-12-29,53.55,53.75,52.9,53.65,53.65,84000,42.0,954000,24000
2011-11-25,NATIONALUM,2011-12-29,51.0,52.75,50.8,52.0,52.0,198000,99.0,930000,-26000
2011-11-24,NATIONALUM,2011-11-24,51.1,51.15,47.55,50.4,50.5,952000,476.0,332000,-370000
2011-11-23,NATIONALUM,2011-11-24,53.15,53.25,50.2,51.25,51.25,676000,338.0,702000,-280000
2011-11-22,NATIONALUM,2011-11-24,53.7,54.55,52.55,53.7,53.7,180000,90.0,982000,-86000
2011-11-21,NATIONALUM,2011-11-24,54.8,54.8,52.95,53.3,53.3,260000,130.0,1068000,-132000
2011-11-18,NATIONALUM,2011-11-24,53.0,54.75,50.8,53.95,53.95,114000,57.0,1200000,-46000
2011-11-17,NATIONALUM,2011-11-24,55.65,55.9,53.2,53.45,53.45,148000,74.0,1246000,-14000
2011-11-16,NATIONALUM,2011-11-24,56.5,56.85,54.75,55.6,55.6,270000,135.0,1260000,50000
2011-11-15,NATIONALUM,2011-11-24,58.25,59.0,56.9,57.3,57.3,84000,42.0,1210000,-10000
2011-11-14,NATIONALUM,2011-11-24,57.55,59.2,57.1,58.5,58.5,228000,114.0,1220000,4000
2011-11-11,NATIONALUM,2011-11-24,61.05,61.5,58.7,59.6,59.6,214000,107.0,1216000,6000
2011-11-09,NATIONALUM,2011-11-24,63.9,64.0,60.9,61.5,61.5,128000,64.0,1210000,-48000
2011-11-08,NATIONALUM,2011-11-24,64.05,64.25,63.55,63.8,63.8,72000,36.0,1258000,4000
2011-11-04,NATIONALUM,2011-11-24,63.95,64.6,63.4,64.1,64.1,116000,58.0,1254000,16000
2011-11-03,NATIONALUM,2011-11-24,63.35,63.8,62.75,63.35,63.35,54000,27.0,1238000,12000
2011-11-02,NATIONALUM,2011-11-24,63.55,64.0,63.35,63.5,63.5,88000,44.0,1226000,22000
2011-11-01,NATIONALUM,2011-11-24,63.65,64.9,63.5,64.25,64.25,92000,46.0,1204000,-6000
2011-10-31,NATIONALUM,2011-11-24,65.1,65.8,64.1,64.65,64.65,104000,52.0,1210000,-2000
2011-10-28,NATIONALUM,2011-11-24,65.65,68.8,65.0,65.35,65.35,266000,133.0,1212000,72000
2011-10-26,NATIONALUM,2011-11-24,62.35,64.0,62.35,63.75,63.75,76000,38.0,1140000,4000
2011-10-25,NATIONALUM,2011-10-25,60.3,61.45,60.1,60.75,61.45,1114000,557.0,246000,-622000
2011-10-24,NATIONALUM,2011-10-25,61.85,61.85,60.15,60.3,60.3,338000,169.0,868000,-142000
2011-10-21,NATIONALUM,2011-10-25,60.4,60.8,60.4,60.65,60.65,218000,109.0,1010000,-114000
2011-10-20,NATIONALUM,2011-10-25,61.5,61.5,60.2,60.4,60.4,206000,103.0,1124000,-76000
2011-10-19,NATIONALUM,2011-10-25,60.0,61.5,59.4,61.25,61.25,274000,137.0,1200000,-8000
2011-10-18,NATIONALUM,2011-10-25,62.8,62.8,59.75,60.25,60.25,158000,79.0,1208000,-36000
2011-10-17,NATIONALUM,2011-10-25,63.15,63.3,62.1,62.5,62.5,54000,27.0,1244000,6000
2011-10-14,NATIONALUM,2011-10-25,63.0,63.0,62.6,62.7,62.7,20000,10.0,1238000,-8000
2011-10-13,NATIONALUM,2011-10-25,62.75,63.2,62.75,63.1,63.1,54000,27.0,1246000,-12000
2011-10-12,NATIONALUM,2011-10-25,62.25,63.5,62.25,63.15,63.15,122000,61.0,1258000,38000
2011-10-11,NATIONALUM,2011-10-25,62.95,63.15,62.0,62.15,62.15,124000,62.0,1220000,18000
2011-10-10,NATIONALUM,2011-10-25,62.3,62.5,61.75,62.4,62.4,88000,44.0,1202000,24000
2011-10-07,NATIONALUM,2011-10-25,61.25,63.05,61.25,62.25,62.25,80000,40.0,1178000,4000
2011-10-05,NATIONALUM,2011-10-25,62.0,62.65,61.3,61.5,61.5,80000,40.0,1174000,-6000
2011-10-04,NATIONALUM,2011-10-25,62.0,67.0,61.05,61.1,61.1,138000,69.0,1180000,-8000
2011-10-03,NATIONALUM,2011-10-25,61.15,62.1,60.25,61.3,61.3,96000,48.0,1188000,-22000
2011-09-30,NATIONALUM,2011-10-25,62.0,62.45,61.5,62.0,62.0,98000,49.0,1210000,0
2011-09-29,NATIONALUM,2011-09-29,61.9,62.25,60.95,61.55,61.45,1032000,516.0,332000,-620000
2011-09-28,NATIONALUM,2011-09-29,62.85,63.0,62.0,62.3,62.3,412000,206.0,952000,-286000
2011-09-27,NATIONALUM,2011-09-29,62.2,64.2,62.2,63.25,63.25,316000,158.0,1238000,-110000
2011-09-26,NATIONALUM,2011-09-29,61.25,63.25,60.65,61.9,61.9,274000,137.0,1348000,-50000
2011-09-23,NATIONALUM,2011-09-29,63.0,64.25,59.5,63.0,63.0,300000,150.0,1398000,-32000
2011-09-22,NATIONALUM,2011-09-29,63.25,64.75,63.0,64.45,64.45,426000,213.0,1430000,-102000
2011-09-21,NATIONALUM,2011-09-29,65.2,65.35,63.8,64.4,64.4,176000,88.0,1532000,38000
2011-09-20,NATIONALUM,2011-09-29,63.95,65.75,63.95,65.05,65.05,246000,123.0,1494000,-62000
2011-09-19,NATIONALUM,2011-09-29,65.1,66.1,61.95,63.6,63.6,126000,63.0,1556000,-12000
2011-09-16,NATIONALUM,2011-09-29,65.6,68.5,64.4,66.0,66.0,454000,227.0,1568000,246000
2011-09-15,NATIONALUM,2011-09-29,65.0,65.7,64.4,65.5,65.5,112000,56.0,1322000,-48000
2011-09-14,NATIONALUM,2011-09-29,64.5,64.5,61.6,64.25,64.25,74000,37.0,1370000,-6000
2011-09-13,NATIONALUM,2011-09-29,64.9,65.75,62.5,63.75,63.75,236000,118.0,1376000,-12000
2011-09-12,NATIONALUM,2011-09-29,61.8,64.4,60.25,63.8,63.8,344000,172.0,1388000,-82000
2011-09-09,NATIONALUM,2011-09-29,67.5,67.5,64.8,65.1,65.1,110000,55.0,1470000,-14000
2011-09-08,NATIONALUM,2011-09-29,66.1,67.4,66.0,67.0,67.0,156000,78.0,1484000,8000
2011-09-07,NATIONALUM,2011-09-29,65.8,66.85,65.1,66.0,66.0,212000,106.0,1476000,40000
2011-09-06,NATIONALUM,2011-09-29,65.85,66.8,65.55,66.15,66.15,102000,51.0,1436000,10000
2011-09-05,NATIONALUM,2011-09-29,65.0,66.0,64.6,65.8,65.8,200000,100.0,1426000,-8000
2011-09-02,NATIONALUM,2011-09-29,64.0,66.0,63.8,65.5,65.5,226000,113.0,1434000,-54000
2011-08-30,NATIONALUM,2011-09-29,63.0,64.4,62.9,63.5,63.5,548000,274.0,1488000,-12000
2011-08-29,NATIONALUM,2011-09-29,62.0,63.6,62.0,62.6,62.6,210000,105.0,1500000,62000
2011-08-26,NATIONALUM,2011-09-29,63.35,63.55,59.65,60.85,60.85,214000,107.0,1438000,-58000
2011-08-25,NATIONALUM,2011-08-25,66.75,66.85,62.0,63.6,63.4,1616000,808.0,636000,-204000
2011-08-24,NATIONALUM,2011-08-25,65.0,66.25,65.0,65.95,65.95,584000,292.0,840000,-224000
2011-08-23,NATIONALUM,2011-08-25,65.0,66.4,62.5,66.05,66.05,696000,348.0,1064000,-330000
2011-08-22,NATIONALUM,2011-08-25,59.9,66.15,59.5,65.3,65.3,882000,441.0,1394000,-442000
2011-08-19,NATIONALUM,2011-08-25,59.2,60.0,58.5,59.75,59.75,308000,154.0,1836000,-48000
2011-08-18,NATIONALUM,2011-08-25,61.6,62.25,60.15,60.6,60.6,428000,214.0,1884000,-166000
2011-08-17,NATIONALUM,2011-08-25,61.85,62.95,60.0,61.6,61.6,184000,92.0,2050000,-62000
2011-08-16,NATIONALUM,2011-08-25,65.25,65.4,61.1,62.0,62.0,310000,155.0,2112000,-126000
2011-08-12,NATIONALUM,2011-08-25,66.3,66.65,64.5,64.65,64.65,192000,96.0,2238000,24000
2011-08-11,NATIONALUM,2011-08-25,65.5,67.35,65.5,65.9,65.9,154000,77.0,2214000,42000
2011-08-10,NATIONALUM,2011-08-25,65.5,69.0,65.25,66.6,66.6,212000,106.0,2172000,-68000
2011-08-09,NATIONALUM,2011-08-25,64.0,65.15,62.6,63.85,63.85,304000,152.0,2240000,-98000
2011-08-08,NATIONALUM,2011-08-25,66.1,67.6,63.0,65.6,65.6,452000,226.0,2338000,-80000
2011-08-05,NATIONALUM,2011-08-25,64.1,69.8,64.1,68.5,68.5,352000,176.0,2418000,-128000
2011-08-04,NATIONALUM,2011-08-25,74.95,76.0,71.0,71.25,71.25,448000,224.0,2546000,72000
2011-08-03,NATIONALUM,2011-08-25,71.2,74.6,70.5,74.35,74.35,428000,214.0,2474000,-74000
2011-08-02,NATIONALUM,2011-08-25,71.35,72.0,71.05,71.3,71.3,198000,99.0,2548000,-44000
2011-08-01,NATIONALUM,2011-08-25,75.2,76.5,71.2,71.5,71.5,490000,245.0,2592000,18000
2011-07-29,NATIONALUM,2011-08-25,75.25,76.4,74.95,75.6,75.6,154000,77.0,2574000,-10000
2011-07-28,NATIONALUM,2011-07-28,77.8,77.8,75.3,75.75,75.55,1416000,708.0,356000,-974000
2011-07-27,NATIONALUM,2011-07-28,78.9,78.9,78.0,78.3,78.3,1042000,521.0,1330000,-772000
2011-07-26,NATIONALUM,2011-07-28,80.75,80.95,78.5,78.95,78.95,588000,294.0,2102000,-170000
2011-07-25,NATIONALUM,2011-07-28,81.0,82.7,80.15,80.7,80.7,1182000,591.0,2272000,68000
2011-07-22,NATIONALUM,2011-07-28,81.15,81.45,80.5,81.2,81.2,300000,150.0,2204000,44000
2011-07-21,NATIONALUM,2011-07-28,79.15,81.4,79.15,81.0,81.0,884000,442.0,2160000,-120000
2011-07-20,NATIONALUM,2011-07-28,82.15,82.3,80.0,80.45,80.45,238000,119.0,2280000,54000
2011-07-19,NATIONALUM,2011-07-28,81.75,82.6,81.1,82.0,82.0,408000,204.0,2226000,16000
2011-07-18,NATIONALUM,2011-07-28,81.6,82.0,81.6,81.75,81.75,106000,53.0,2210000,8000
2011-07-15,NATIONALUM,2011-07-28,82.5,82.8,81.05,81.45,81.45,250000,125.0,2202000,104000
2011-07-14,NATIONALUM,2011-07-28,81.65,83.0,81.3,82.4,82.4,256000,128.0,2098000,6000
2011-07-13,NATIONALUM,2011-07-28,81.55,82.55,81.55,82.15,82.15,170000,85.0,2092000,28000
2011-07-12,NATIONALUM,2011-07-28,80.7,82.95,80.5,81.4,81.4,254000,127.0,2064000,-20000
2011-07-11,NATIONALUM,2011-07-28,84.5,84.5,82.65,82.8,82.8,202000,101.0,2084000,38000
2011-07-08,NATIONALUM,2011-07-28,86.0,86.25,84.05,84.6,84.6,430000,215.0,2046000,-78000
2011-07-07,NATIONALUM,2011-07-28,85.3,86.3,85.3,86.05,86.05,580000,290.0,2124000,-66000
2011-07-06,NATIONALUM,2011-07-28,85.2,86.0,84.75,85.1,85.1,496000,248.0,2190000,-26000
2011-07-05,NATIONALUM,2011-07-28,84.55,85.35,84.45,84.7,84.7,154000,77.0,2216000,-40000
2011-07-04,NATIONALUM,2011-07-28,84.35,85.35,84.35,84.6,84.6,250000,125.0,2256000,44000
2011-07-01,NATIONALUM,2011-07-28,84.1,84.9,83.7,84.15,84.15,200000,100.0,2212000,2000
2011-06-30,NATIONALUM,2011-06-30,85.75,85.75,82.6,82.85,82.75,1290000,645.0,216000,-832000
2011-06-29,NATIONALUM,2011-06-30,83.0,85.15,82.4,84.15,84.15,968000,484.0,1048000,-350000
2011-06-28,NATIONALUM,2011-06-30,82.5,83.05,81.85,82.35,82.35,1058000,529.0,1398000,-198000
2011-06-27,NATIONALUM,2011-06-30,82.25,83.65,78.35,81.95,81.95,1476000,738.0,1596000,-284000
2011-06-24,NATIONALUM,2011-06-30,81.9,83.15,81.9,82.4,82.4,596000,298.0,1880000,-56000
2011-06-23,NATIONALUM,2011-06-30,82.5,82.5,81.4,81.75,81.75,174000,87.0,1936000,12000
2011-06-22,NATIONALUM,2011-06-30,84.15,84.15,82.55,83.1,83.1,184000,92.0,1924000,-10000
2011-06-21,NATIONALUM,2011-06-30,84.6,85.0,83.3,83.6,83.6,496000,248.0,1934000,-16000
2011-06-20,NATIONALUM,2011-06-30,86.0,87.5,84.0,84.3,84.3,520000,260.0,1950000,-18000
2011-06-17,NATIONALUM,2011-06-30,88.7,89.15,87.3,87.55,87.55,160000,80.0,1968000,16000
2011-06-16,NATIONALUM,2011-06-30,88.0,89.45,88.0,88.8,88.8,116000,58.0,1952000,-20000
2011-06-15,NATIONALUM,2011-06-30,89.0,89.6,88.5,88.8,88.8,174000,87.0,1972000,-28000
2011-06-14,NATIONALUM,2011-06-30,88.5,89.75,88.5,89.4,89.4,124000,62.0,2000000,-16000
2011-06-13,NATIONALUM,2011-06-30,89.0,89.8,88.1,88.75,88.75,540000,270.0,2016000,16000
2011-06-10,NATIONALUM,2011-06-30,90.3,90.85,89.35,89.6,89.6,80000,40.0,2000000,-8000
2011-06-09,NATIONALUM,2011-06-30,90.7,91.5,89.6,90.35,90.35,410000,205.0,2008000,-38000
2011-06-08,NATIONALUM,2011-06-30,91.0,91.8,90.55,90.75,90.75,308000,154.0,2046000,-4000
2011-06-07,NATIONALUM,2011-06-30,90.8,91.3,90.55,91.0,91.0,156000,78.0,2050000,4000
2011-06-06,NATIONALUM,2011-06-30,90.9,91.0,89.25,90.8,90.8,466000,233.0,2046000,-22000
2011-06-03,NATIONALUM,2011-06-30,92.15,92.6,90.05,90.65,90.65,208000,104.0,2068000,14000
2011-06-02,NATIONALUM,2011-06-30,91.8,93.7,90.5,91.75,91.75,454000,227.0,2054000,14000
2011-06-01,NATIONALUM,2011-06-30,91.95,93.25,91.75,92.35,92.35,292000,146.0,2040000,-12000
2011-05-31,NATIONALUM,2011-06-30,92.0,92.0,90.45,91.7,91.7,476000,238.0,2052000,-52000
2011-05-30,NATIONALUM,2011-06-30,86.9,92.4,86.9,92.05,92.05,1626000,813.0,2104000,-186000
2011-05-27,NATIONALUM,2011-06-30,84.2,86.5,84.2,86.05,86.05,570000,285.0,2290000,34000
2011-05-26,NATIONALUM,2011-05-26,85.0,85.0,83.3,83.65,83.6,1458000,729.0,424000,-742000
2011-05-25,NATIONALUM,2011-05-26,85.0,85.8,83.2,84.7,84.7,1386000,693.0,1166000,-758000
2011-05-24,NATIONALUM,2011-05-26,86.65,86.65,85.2,85.65,85.65,726000,363.0,1924000,-258000
2011-05-23,NATIONALUM,2011-05-26,87.0,87.0,85.75,86.0,86.0,426000,213.0,2182000,-176000
2011-05-20,NATIONALUM,2011-05-26,88.0,88.95,87.75,88.2,88.2,510000,255.0,2358000,-2000
2011-05-19,NATIONALUM,2011-05-26,88.95,89.95,87.9,88.25,88.25,382000,191.0,2360000,-32000
2011-05-18,NATIONALUM,2011-05-26,89.2,89.85,88.55,89.05,89.05,542000,271.0,2392000,14000
2011-05-17,NATIONALUM,2011-05-26,90.8,91.75,89.45,90.2,90.2,358000,179.0,2378000,4000
2011-05-16,NATIONALUM,2011-05-26,88.2,92.4,87.85,90.2,90.2,788000,394.0,2374000,-194000
2011-05-13,NATIONALUM,2011-05-26,87.65,89.0,87.4,88.5,88.5,352000,176.0,2568000,-60000
2011-05-12,NATIONALUM,2011-05-26,89.0,89.3,87.6,87.8,87.8,204000,102.0,2628000,-80000
2011-05-11,NATIONALUM,2011-05-26,88.4,89.9,88.0,89.5,89.5,320000,160.0,2708000,-2000
2011-05-10,NATIONALUM,2011-05-26,89.85,90.2,87.8,88.45,88.45,776000,388.0,2710000,88000
2011-05-09,NATIONALUM,2011-05-26,89.35,90.65,88.7,89.95,89.95,948000,474.0,2622000,-2000
2011-05-06,NATIONALUM,2011-05-26,88.95,89.9,87.5,89.5,89.5,220000,110.0,2624000,-18000
2011-05-05,NATIONALUM,2011-05-26,89.35,90.8,88.6,89.0,89.0,188000,94.0,2642000,-40000
2011-05-04,NATIONALUM,2011-05-26,91.35,92.6,89.6,90.2,90.2,164000,82.0,2682000,10000
2011-05-03,NATIONALUM,2011-05-26,93.9,94.25,91.75,92.2,92.2,284000,142.0,2672000,-76000
2011-05-02,NATIONALUM,2011-05-26,93.4,93.9,92.4,93.4,93.4,278000,139.0,2748000,-82000
2011-04-29,NATIONALUM,2011-05-26,93.4,93.5,92.55,93.2,93.2,254000,127.0,2830000,-48000
2011-04-28,NATIONALUM,2011-04-28,95.5,95.5,92.2,92.55,92.45,1996000,998.0,718000,-1098000
2011-04-27,NATIONALUM,2011-04-28,95.5,95.5,94.65,94.85,94.85,1136000,568.0,1816000,-728000
2011-04-26,NATIONALUM,2011-04-28,95.95,96.2,94.85,95.2,95.2,1000000,500.0,2544000,-344000
2011-04-25,NATIONALUM,2011-04-28,95.5,96.35,95.35,95.6,95.6,1054000,527.0,2888000,-216000
2011-04-21,NATIONALUM,2011-04-28,97.3,97.3,95.35,95.55,95.55,1156000,578.0,3104000,-76000
2011-04-20,NATIONALUM,2011-04-28,96.5,96.75,95.5,96.55,96.55,1410000,705.0,3180000,-206000
2011-04-19,NATIONALUM,2011-04-28,96.1,96.4,94.35,95.7,95.7,792000,396.0,3386000,314000
2011-04-18,NATIONALUM,2011-04-28,98.2,98.85,95.45,96.1,96.1,430000,215.0,3072000,12000
2011-04-15,NATIONALUM,2011-04-28,98.7,98.95,97.7,97.85,97.85,226000,113.0,3060000,16000
2011-04-13,NATIONALUM,2011-04-28,96.35,99.25,96.35,98.65,98.65,526000,263.0,3044000,-16000
2011-04-11,NATIONALUM,2011-04-28,97.5,98.05,97.0,97.2,97.2,156000,78.0,3060000,-28000
2011-04-08,NATIONALUM,2011-04-28,99.25,99.4,97.55,98.0,98.0,410000,205.0,3088000,-100000
2011-04-07,NATIONALUM,2011-04-28,98.95,100.25,98.55,98.8,98.8,716000,358.0,3188000,64000
2011-04-06,NATIONALUM,2011-04-28,100.2,100.45,98.25,98.55,98.55,684000,342.0,3124000,-12000
2011-04-05,NATIONALUM,2011-04-28,99.35,101.25,98.5,99.7,99.7,1316000,658.0,3136000,-20000
2011-04-04,NATIONALUM,2011-04-28,97.45,99.5,97.45,98.8,98.8,874000,437.0,3156000,-94000
2011-04-01,NATIONALUM,2011-04-28,96.75,97.3,96.25,96.9,96.9,646000,323.0,3250000,122000
2011-03-31,NATIONALUM,2011-03-31,100.15,101.0,95.4,95.85,95.6,2148000,1074.0,1256000,-678000
2011-03-30,NATIONALUM,2011-03-31,100.3,101.3,98.2,98.9,98.9,1222000,611.0,1934000,-416000
2011-03-29,NATIONALUM,2011-03-31,99.05,101.4,99.05,99.45,99.45,1014000,507.0,2350000,-212000
2011-03-28,NATIONALUM,2011-03-31,100.05,102.0,99.1,99.45,99.45,908000,454.0,2562000,-140000
2011-03-25,NATIONALUM,2011-03-31,102.9,103.25,101.1,101.7,101.7,940000,470.0,2702000,-292000
2011-03-24,NATIONALUM,2011-03-31,104.4,104.85,101.7,101.95,101.95,974000,487.0,2994000,-52000
2011-03-23,NATIONALUM,2011-03-31,104.05,105.15,103.4,103.65,103.65,536000,268.0,3046000,-126000
2011-03-22,NATIONALUM,2011-03-31,104.15,106.7,104.1,104.5,104.5,346000,173.0,3172000,-60000
2011-03-21,NATIONALUM,2011-03-31,107.15,107.15,104.6,104.95,104.95,418000,209.0,3232000,-14000
2011-03-18,NATIONALUM,2011-03-31,104.0,108.35,101.95,106.7,106.7,1388000,694.0,3246000,-130000
2011-03-17,NATIONALUM,2011-03-31,106.15,107.75,102.7,103.85,103.85,754000,377.0,3376000,40000
2011-03-16,NATIONALUM,2011-03-31,108.25,109.25,106.15,107.05,107.05,666000,333.0,3336000,-52000
2011-03-15,NATIONALUM,2011-03-31,108.0,109.75,104.7,106.25,106.25,922000,461.0,3388000,-178000
2011-03-14,NATIONALUM,2011-03-31,442.7,449.7,434.95,446.65,446.65,371000,742.0,891500,110500
2011-03-11,NATIONALUM,2011-03-31,437.9,443.9,432.1,434.0,434.0,218000,436.0,781000,24500
2011-03-10,NATIONALUM,2011-03-31,440.9,444.5,436.05,440.25,440.25,230500,461.0,756500,50000
2011-03-09,NATIONALUM,2011-03-31,440.0,443.9,436.6,440.45,440.45,266500,533.0,706500,44500
2011-03-08,NATIONALUM,2011-03-31,438.75,441.0,433.3,435.4,435.4,143000,286.0,662000,2000
2011-03-07,NATIONALUM,2011-03-31,428.0,437.5,417.1,435.3,435.3,175500,351.0,660000,23000
2011-03-04,NATIONALUM,2011-03-31,436.0,436.0,427.05,430.3,430.3,98500,197.0,637000,-10500
2011-03-03,NATIONALUM,2011-03-31,425.0,442.0,416.0,432.15,432.15,650500,1301.0,647500,50000
2011-03-01,NATIONALUM,2011-03-31,411.0,420.75,408.95,419.45,419.45,112000,224.0,597500,-3500
2011-02-28,NATIONALUM,2011-03-31,400.0,416.0,398.5,409.45,409.45,539500,1079.0,601000,42500
2011-02-25,NATIONALUM,2011-03-31,418.9,429.0,413.35,419.5,419.5,212500,425.0,558500,19500
2011-02-24,NATIONALUM,2011-02-24,408.05,425.5,408.05,421.2,425.4,897000,1794.0,667500,-218000
2011-02-23,NATIONALUM,2011-02-24,407.0,410.0,404.55,408.15,408.15,244000,488.0,885500,-111500
2011-02-22,NATIONALUM,2011-02-24,398.0,406.55,397.25,404.8,404.8,222500,445.0,997000,-74000
2011-02-21,NATIONALUM,2011-02-24,403.0,408.4,397.75,402.6,402.6,181000,362.0,1071000,-27500
2011-02-18,NATIONALUM,2011-02-24,405.05,410.0,401.25,402.65,402.65,107000,214.0,1098500,4000
2011-02-17,NATIONALUM,2011-02-24,401.0,407.0,400.2,404.0,404.0,64500,129.0,1094500,2000
2011-02-16,NATIONALUM,2011-02-24,398.0,404.0,397.0,402.05,402.05,109000,218.0,1092500,9500
2011-02-15,NATIONALUM,2011-02-24,391.1,399.0,390.0,397.8,397.8,117500,235.0,1083000,23000
2011-02-14,NATIONALUM,2011-02-24,389.85,396.0,385.6,392.3,392.3,159000,318.0,1060000,-8000
2011-02-11,NATIONALUM,2011-02-24,395.95,395.95,376.3,384.55,384.55,272500,545.0,1068000,-20000
2011-02-10,NATIONALUM,2011-02-24,392.0,399.9,391.2,395.35,395.35,190500,381.0,1088000,41000
2011-02-09,NATIONALUM,2011-02-24,401.05,403.6,389.95,391.95,391.95,163500,327.0,1047000,500
2011-02-08,NATIONALUM,2011-02-24,405.0,405.05,398.15,403.25,403.25,104000,208.0,1046500,-5000
2011-02-07,NATIONALUM,2011-02-24,394.4,407.0,394.0,404.8,404.8,208000,416.0,1051500,20500
2011-02-04,NATIONALUM,2011-02-24,396.0,398.8,389.95,392.35,392.35,269500,539.0,1031000,62500
2011-02-03,NATIONALUM,2011-02-24,391.0,398.0,388.55,395.35,395.35,322000,644.0,968500,97500
2011-02-02,NATIONALUM,2011-02-24,390.85,394.9,385.0,388.4,388.4,170500,341.0,871000,44000
2011-02-01,NATIONALUM,2011-02-24,410.0,414.4,383.5,387.0,387.0,411000,822.0,827000,50500
2011-01-31,NATIONALUM,2011-02-24,370.05,396.95,370.0,391.6,391.6,143500,287.0,776500,12500
2011-01-28,NATIONALUM,2011-02-24,382.0,385.75,372.65,379.8,379.8,113500,227.0,764000,33000
2011-01-27,NATIONALUM,2011-01-27,378.95,395.05,378.95,391.35,390.65,577500,1155.0,140500,-290500
2011-01-25,NATIONALUM,2011-01-27,380.95,382.9,379.4,380.2,380.2,309500,619.0,431000,-167000
2011-01-24,NATIONALUM,2011-01-27,379.95,381.5,378.15,379.6,379.6,272500,545.0,598000,-158500
2011-01-21,NATIONALUM,2011-01-27,378.25,381.85,377.1,379.2,379.2,203500,407.0,756500,-74500
2011-01-20,NATIONALUM,2011-01-27,379.5,383.6,375.3,379.15,379.15,115000,230.0,831000,-12500
2011-01-19,NATIONALUM,2011-01-27,380.0,382.8,378.0,379.8,379.8,182500,365.0,843500,-9000
2011-01-18,NATIONALUM,2011-01-27,381.5,384.0,378.55,380.85,380.85,75500,151.0,852500,-2500
2011-01-17,NATIONALUM,2011-01-27,376.55,384.8,376.55,382.55,382.55,71000,142.0,855000,10500
2011-01-14,NATIONALUM,2011-01-27,384.95,392.0,375.15,380.35,380.35,116500,233.0,844500,-6500
2011-01-13,NATIONALUM,2011-01-27,381.95,397.0,378.15,387.85,387.85,288000,576.0,851000,15500
2011-01-12,NATIONALUM,2011-01-27,375.9,381.0,367.25,379.8,379.8,96500,193.0,835500,2500
2011-01-11,NATIONALUM,2011-01-27,366.9,377.0,366.0,370.7,370.7,69500,139.0,833000,-4500
2011-01-10,NATIONALUM,2011-01-27,375.8,378.7,364.0,366.4,366.4,120000,240.0,837500,10000
2011-01-07,NATIONALUM,2011-01-27,392.2,392.8,370.95,373.65,373.65,132000,264.0,827500,10000
2011-01-06,NATIONALUM,2011-01-27,398.4,400.95,392.05,392.55,392.55,57000,114.0,817500,-3500
2011-01-05,NATIONALUM,2011-01-27,397.0,399.0,389.7,395.85,395.85,66500,133.0,821000,-4000
2011-01-04,NATIONALUM,2011-01-27,392.0,402.0,387.8,397.85,397.85,219000,438.0,825000,-36500
2011-01-03,NATIONALUM,2011-01-27,393.65,396.9,391.3,392.05,392.05,98000,196.0,861500,6000
2010-12-31,NATIONALUM,2011-01-27,382.9,394.75,381.25,391.8,391.8,237500,475.0,855500,26000
2010-12-30,NATIONALUM,2010-12-30,383.5,383.5,378.1,382.0,381.85,359500,719.0,119500,-241000
2010-12-29,NATIONALUM,2010-12-30,382.5,384.4,380.0,381.8,381.8,364000,728.0,360500,-148500
2010-12-28,NATIONALUM,2010-12-30,380.55,386.65,380.3,382.5,382.5,515000,1030.0,509000,-177000
2010-12-27,NATIONALUM,2010-12-30,384.5,385.0,369.0,380.65,380.65,383000,766.0,686000,-165000
2010-12-24,NATIONALUM,2010-12-30,376.6,383.3,376.5,382.25,382.25,141000,282.0,851000,7500
2010-12-23,NATIONALUM,2010-12-30,380.95,381.0,375.1,376.2,376.2,39000,78.0,843500,0
2010-12-22,NATIONALUM,2010-12-30,386.0,386.0,374.6,378.45,378.45,140500,281.0,843500,-18500
2010-12-21,NATIONALUM,2010-12-30,381.75,386.4,379.2,384.05,384.05,95000,190.0,862000,5500
2010-12-20,NATIONALUM,2010-12-30,373.15,381.85,371.0,377.45,377.45,105000,210.0,856500,-8500
2010-12-16,NATIONALUM,2010-12-30,370.4,374.0,368.55,372.8,372.8,32000,64.0,865000,-2500
2010-12-15,NATIONALUM,2010-12-30,369.05,374.0,366.65,367.8,367.8,60500,121.0,867500,7000
2010-12-14,NATIONALUM,2010-12-30,369.5,375.95,368.0,372.75,372.75,47000,94.0,860500,6500
2010-12-13,NATIONALUM,2010-12-30,354.2,371.0,354.2,368.45,368.45,99000,198.0,854000,-1500
2010-12-10,NATIONALUM,2010-12-30,352.9,361.5,352.9,359.6,359.6,39000,78.0,855500,-16500
2010-12-09,NATIONALUM,2010-12-30,363.2,363.2,350.2,354.25,354.25,64500,129.0,872000,-21000
2010-12-08,NATIONALUM,2010-12-30,375.0,375.0,360.6,363.35,363.35,119500,239.0,893000,-14500
2010-12-07,NATIONALUM,2010-12-30,370.75,378.0,370.0,375.3,375.3,47500,95.0,907500,2000
2010-12-06,NATIONALUM,2010-12-30,373.0,380.8,372.05,373.05,373.05,65500,131.0,905500,-5000
2010-12-03,NATIONALUM,2010-12-30,372.15,382.2,371.4,373.4,373.4,150000,300.0,910500,1000
2010-12-02,NATIONALUM,2010-12-30,373.0,376.0,369.05,372.6,372.6,84000,168.0,909500,-23500
2010-12-01,NATIONALUM,2010-12-30,354.9,370.2,354.9,368.25,368.25,97500,195.0,933000,-11500
2010-11-30,NATIONALUM,2010-12-30,348.2,354.4,347.5,353.1,353.1,45500,91.0,944500,-9000
2010-11-29,NATIONALUM,2010-12-30,352.7,356.1,342.2,352.1,352.1,53500,107.0,953500,-11500
2010-11-26,NATIONALUM,2010-12-30,360.5,361.2,325.2,346.65,346.65,121500,243.0,965000,-17000
2010-11-25,NATIONALUM,2010-11-25,371.7,376.9,348.4,356.95,357.25,446000,892.0,113500,-274000
2010-11-24,NATIONALUM,2010-11-25,372.05,379.85,366.95,371.85,371.85,647000,1294.0,387500,-288000
2010-11-23,NATIONALUM,2010-11-25,382.5,382.5,368.0,374.25,374.25,430500,861.0,675500,-249000
2010-11-22,NATIONALUM,2010-11-25,379.15,383.2,377.55,380.6,380.6,329000,658.0,924500,-167500
2010-11-19,NATIONALUM,2010-11-25,383.75,385.0,376.5,379.65,379.65,67500,135.0,1092000,-18500
2010-11-18,NATIONALUM,2010-11-25,388.5,389.0,378.25,385.9,385.9,84500,169.0,1110500,4500
2010-11-16,NATIONALUM,2010-11-25,398.0,399.4,381.3,385.1,385.1,169000,338.0,1106000,-25500
2010-11-15,NATIONALUM,2010-11-25,399.0,403.0,393.0,396.4,396.4,100500,201.0,1131500,-15500
2010-11-12,NATIONALUM,2010-11-25,407.2,413.0,394.0,398.25,398.25,135000,270.0,1147000,-14500
2010-11-11,NATIONALUM,2010-11-25,411.9,417.0,408.65,409.6,409.6,222500,445.0,1161500,22500
2010-11-10,NATIONALUM,2010-11-25,410.0,412.25,408.2,409.3,409.3,53000,106.0,1139000,-3500
2010-11-09,NATIONALUM,2010-11-25,411.6,412.9,408.6,409.85,409.85,69000,138.0,1142500,-5000
2010-11-08,NATIONALUM,2010-11-25,414.0,416.4,411.0,411.7,411.7,135000,270.0,1147500,13000
2010-11-05,NATIONALUM,2010-11-25,418.0,418.0,411.25,412.35,412.35,21000,42.0,1134500,1000
2010-11-04,NATIONALUM,2010-11-25,408.05,417.0,408.0,413.2,413.2,272500,545.0,1133500,44000
2010-11-03,NATIONALUM,2010-11-25,409.6,412.0,407.0,408.3,408.3,118500,237.0,1089500,22000
2010-11-02,NATIONALUM,2010-11-25,406.5,412.0,406.5,407.35,407.35,86500,173.0,1067500,1000
2010-11-01,NATIONALUM,2010-11-25,407.1,420.0,407.0,408.6,408.6,161000,322.0,1066500,-10000
2010-10-29,NATIONALUM,2010-11-25,414.5,416.65,403.0,404.35,404.35,206500,413.0,1076500,-3500
2010-10-28,NATIONALUM,2010-10-28,396.05,414.0,393.0,413.0,412.65,1767000,1767.0,1034000,-102000
2010-10-27,NATIONALUM,2010-10-28,399.9,401.5,392.3,396.5,396.5,729000,729.0,1136000,-268000
2010-10-26,NATIONALUM,2010-10-28,400.0,406.05,398.05,398.9,398.9,543000,543.0,1404000,-67000
2010-10-25,NATIONALUM,2010-10-28,403.3,404.8,401.05,401.8,401.8,480000,480.0,1471000,-144000
2010-10-22,NATIONALUM,2010-10-28,406.15,406.15,401.2,402.45,402.45,368000,368.0,1615000,-100000
2010-10-21,NATIONALUM,2010-10-28,401.55,406.7,401.55,403.75,403.75,376000,376.0,1715000,-92000
2010-10-20,NATIONALUM,2010-10-28,402.5,404.55,399.0,400.7,400.7,245000,245.0,1807000,-79000
2010-10-19,NATIONALUM,2010-10-28,404.1,409.9,402.3,403.55,403.55,347000,347.0,1886000,-34000
2010-10-18,NATIONALUM,2010-10-28,408.05,408.05,399.1,403.8,403.8,180000,180.0,1920000,26000
2010-10-15,NATIONALUM,2010-10-28,410.75,411.85,404.5,405.65,405.65,254000,254.0,1894000,26000
2010-10-14,NATIONALUM,2010-10-28,414.0,417.0,409.25,410.3,410.3,323000,323.0,1868000,-6000
2010-10-13,NATIONALUM,2010-10-28,412.6,415.9,410.5,413.6,413.6,488000,488.0,1874000,50000
2010-10-12,NATIONALUM,2010-10-28,413.75,415.45,409.0,411.55,411.55,176000,176.0,1824000,-7000
2010-10-11,NATIONALUM,2010-10-28,416.35,419.0,413.5,415.15,415.15,295000,295.0,1831000,7000
2010-10-08,NATIONALUM,2010-10-28,417.95,417.95,409.5,413.8,413.8,450000,450.0,1824000,-8000
2010-10-07,NATIONALUM,2010-10-28,428.0,428.0,413.5,416.55,416.55,559000,559.0,1832000,18000
2010-10-06,NATIONALUM,2010-10-28,414.8,429.55,413.0,425.55,425.55,2003000,2003.0,1814000,15000
2010-10-05,NATIONALUM,2010-10-28,410.3,414.25,408.45,410.75,410.75,514000,514.0,1799000,-2000
2010-10-04,NATIONALUM,2010-10-28,411.1,413.7,408.05,408.9,408.9,484000,484.0,1801000,0
2010-10-01,NATIONALUM,2010-10-28,399.2,408.8,399.2,407.8,407.8,728000,728.0,1801000,16000
2010-09-30,NATIONALUM,2010-09-30,405.55,406.9,398.15,398.65,398.95,1196000,1196.0,195000,-696000
2010-09-29,NATIONALUM,2010-09-30,408.65,411.0,405.35,406.5,406.5,1116000,1116.0,891000,-540000
2010-09-28,NATIONALUM,2010-09-30,409.6,414.3,405.3,408.7,408.7,894000,894.0,1431000,-329000
2010-09-27,NATIONALUM,2010-09-30,398.0,413.5,398.0,411.35,411.35,612000,612.0,1760000,-73000
2010-09-24,NATIONALUM,2010-09-30,407.45,408.0,403.85,405.3,405.3,375000,375.0,1833000,-93000
2010-09-23,NATIONALUM,2010-09-30,407.1,409.8,404.3,405.6,405.6,215000,215.0,1926000,15000
2010-09-22,NATIONALUM,2010-09-30,409.95,411.2,402.1,406.7,406.7,338000,338.0,1911000,28000
2010-09-21,NATIONALUM,2010-09-30,414.1,415.0,406.65,408.8,408.8,467000,467.0,1883000,62000
2010-09-20,NATIONALUM,2010-09-30,414.0,416.7,411.1,413.1,413.1,493000,493.0,1821000,5000
2010-09-17,NATIONALUM,2010-09-30,408.1,415.0,405.75,412.95,412.95,476000,476.0,1816000,-81000
2010-09-16,NATIONALUM,2010-09-30,413.1,415.6,404.15,405.9,405.9,1167000,1167.0,1897000,-12000
2010-09-15,NATIONALUM,2010-09-30,405.5,415.0,403.2,411.75,411.75,749000,749.0,1909000,30000
2010-09-14,NATIONALUM,2010-09-30,405.9,409.4,403.3,404.85,404.85,358000,358.0,1879000,14000
2010-09-13,NATIONALUM,2010-09-30,404.9,408.0,401.9,404.8,404.8,382000,382.0,1865000,31000
2010-09-09,NATIONALUM,2010-09-30,404.1,406.5,400.3,401.85,401.85,200000,200.0,1834000,2000
2010-09-08,NATIONALUM,2010-09-30,404.0,408.35,402.0,404.3,404.3,260000,260.0,1832000,25000
2010-09-07,NATIONALUM,2010-09-30,407.0,409.6,403.6,404.95,404.95,226000,226.0,1807000,4000
2010-09-06,NATIONALUM,2010-09-30,402.5,409.95,402.35,407.85,407.85,535000,535.0,1803000,3000
2010-09-03,NATIONALUM,2010-09-30,401.5,403.4,399.0,400.0,400.0,125000,125.0,1800000,10000
2010-09-02,NATIONALUM,2010-09-30,402.05,404.9,399.0,400.75,400.75,215000,215.0,1790000,15000
2010-09-01,NATIONALUM,2010-09-30,396.85,402.7,396.0,401.3,401.3,331000,331.0,1775000,-6000
2010-08-31,NATIONALUM,2010-09-30,393.55,397.7,392.4,394.9,394.9,235000,235.0,1781000,2000
2010-08-30,NATIONALUM,2010-09-30,398.0,402.9,394.35,396.6,396.6,144000,144.0,1779000,5000
2010-08-27,NATIONALUM,2010-09-30,401.25,404.5,395.2,396.7,396.7,363000,363.0,1774000,-2000
2010-08-26,NATIONALUM,2010-08-26,426.85,427.0,408.65,410.05,409.9,1216000,1216.0,383000,-403000
2010-08-25,NATIONALUM,2010-08-26,380.9,429.5,380.9,422.4,422.4,4401000,4401.0,786000,-760000
2010-08-24,NATIONALUM,2010-08-26,403.05,407.7,400.3,402.6,402.6,491000,491.0,1546000,-220000
2010-08-23,NATIONALUM,2010-08-26,400.9,408.2,400.25,404.25,404.25,728000,728.0,1766000,-242000
2010-08-20,NATIONALUM,2010-08-26,396.6,403.25,396.6,400.2,400.2,294000,294.0,2008000,-3000
2010-08-19,NATIONALUM,2010-08-26,412.5,416.0,390.5,397.0,397.0,1265000,1265.0,2011000,-93000
2010-08-18,NATIONALUM,2010-08-26,420.6,422.3,407.15,410.95,410.95,610000,610.0,2104000,-15000
2010-08-17,NATIONALUM,2010-08-26,426.4,427.8,418.1,420.45,420.45,297000,297.0,2119000,35000
2010-08-16,NATIONALUM,2010-08-26,441.35,446.95,421.75,423.6,423.6,884000,884.0,2084000,68000
2010-08-13,NATIONALUM,2010-08-26,430.85,442.5,430.85,440.9,440.9,918000,918.0,2016000,149000
2010-08-12,NATIONALUM,2010-08-26,419.0,431.85,418.2,428.95,428.95,673000,673.0,1867000,34000
2010-08-11,NATIONALUM,2010-08-26,423.65,424.2,420.1,421.35,421.35,142000,142.0,1833000,-16000
2010-08-10,NATIONALUM,2010-08-26,425.0,428.25,421.0,423.05,423.05,303000,303.0,1849000,20000
2010-08-09,NATIONALUM,2010-08-26,416.05,425.0,415.1,424.1,424.1,269000,269.0,1829000,21000
2010-08-06,NATIONALUM,2010-08-26,417.05,421.4,416.25,417.25,417.25,168000,168.0,1808000,-8000
2010-08-05,NATIONALUM,2010-08-26,420.0,420.0,415.8,416.75,416.75,53000,53.0,1816000,9000
2010-08-04,NATIONALUM,2010-08-26,418.95,421.0,408.55,420.05,420.05,233000,233.0,1807000,-81000
2010-08-03,NATIONALUM,2010-08-26,417.25,421.0,415.3,417.8,417.8,181000,181.0,1888000,12000
2010-08-02,NATIONALUM,2010-08-26,412.9,416.5,412.9,415.85,415.85,73000,73.0,1876000,4000
2010-07-30,NATIONALUM,2010-08-26,407.0,412.9,407.0,411.25,411.25,142000,142.0,1872000,11000
2010-07-29,NATIONALUM,2010-07-29,434.0,434.6,416.0,416.8,417.0,1264000,1264.0,700000,-261000
2010-07-28,NATIONALUM,2010-07-29,436.0,438.95,431.5,433.35,433.35,975000,975.0,961000,-626000
2010-07-27,NATIONALUM,2010-07-29,439.0,440.1,434.05,439.8,439.8,864000,864.0,1587000,-459000
2010-07-26,NATIONALUM,2010-07-29,436.5,437.0,434.3,436.0,436.0,83000,83.0,2046000,-22000
2010-07-23,NATIONALUM,2010-07-29,441.0,441.5,435.05,435.5,435.5,116000,116.0,2068000,-51000
2010-07-22,NATIONALUM,2010-07-29,436.0,443.75,431.0,439.0,439.0,847000,847.0,2119000,-2000
2010-07-21,NATIONALUM,2010-07-29,432.8,438.5,430.05,435.75,435.75,297000,297.0,2121000,21000
2010-07-20,NATIONALUM,2010-07-29,430.1,435.75,429.0,430.85,430.85,207000,207.0,2100000,-13000
2010-07-19,NATIONALUM,2010-07-29,431.95,431.95,426.25,428.5,428.5,106000,106.0,2113000,-7000
2010-07-16,NATIONALUM,2010-07-29,428.0,433.0,424.5,431.55,431.55,161000,161.0,2120000,-15000
2010-07-15,NATIONALUM,2010-07-29,427.0,430.0,424.0,427.6,427.6,99000,99.0,2135000,20000
2010-07-14,NATIONALUM,2010-07-29,434.0,436.8,426.0,427.1,427.1,228000,228.0,2115000,16000
2010-07-13,NATIONALUM,2010-07-29,420.0,431.5,418.4,429.45,429.45,323000,323.0,2099000,51000
2010-07-12,NATIONALUM,2010-07-29,421.2,421.2,415.8,418.0,418.0,98000,98.0,2048000,-3000
2010-07-09,NATIONALUM,2010-07-29,416.45,419.7,416.4,418.05,418.05,220000,220.0,2051000,-3000
2010-07-08,NATIONALUM,2010-07-29,412.9,416.3,409.6,414.75,414.75,246000,246.0,2054000,14000
2010-07-07,NATIONALUM,2010-07-29,409.35,411.35,407.8,408.8,408.8,139000,139.0,2040000,29000
2010-07-06,NATIONALUM,2010-07-29,414.05,416.0,407.0,407.95,407.95,379000,379.0,2011000,211000
2010-07-05,NATIONALUM,2010-07-29,419.55,419.55,414.0,415.05,415.05,91000,91.0,1800000,41000
2010-07-02,NATIONALUM,2010-07-29,419.0,421.0,414.05,418.3,418.3,236000,236.0,1759000,33000
2010-07-01,NATIONALUM,2010-07-29,415.55,421.8,410.4,418.4,418.4,175000,175.0,1726000,33000
2010-06-30,NATIONALUM,2010-07-29,417.0,421.0,415.0,419.2,419.2,96000,96.0,1693000,9000
2010-06-29,NATIONALUM,2010-07-29,419.2,429.0,417.0,418.0,418.0,187000,187.0,1684000,5000
2010-06-28,NATIONALUM,2010-07-29,418.0,427.0,417.0,424.95,424.95,149000,149.0,1679000,32000
2010-06-25,NATIONALUM,2010-07-29,412.05,421.4,412.0,415.75,415.75,76000,76.0,1647000,3000
2010-06-24,NATIONALUM,2010-06-24,439.75,440.8,431.0,434.85,434.65,215625,375.0,478975,-95450
2010-06-23,NATIONALUM,2010-06-24,440.65,443.8,436.15,438.6,438.6,442750,770.0,574425,-313950
2010-06-22,NATIONALUM,2010-06-24,428.05,446.75,428.05,443.65,443.65,884350,1538.0,888375,-441025
2010-06-21,NATIONALUM,2010-06-24,426.0,436.35,425.5,432.5,432.5,468050,814.0,1329400,-314525
2010-06-18,NATIONALUM,2010-06-24,430.0,432.5,421.45,423.2,423.2,293250,510.0,1643925,-223675
2010-06-17,NATIONALUM,2010-06-24,434.4,443.0,430.0,433.6,433.6,302450,526.0,1867600,-55775
2010-06-16,NATIONALUM,2010-06-24,414.8,432.7,413.0,429.85,429.85,723925,1259.0,1923375,-220800
2010-06-15,NATIONALUM,2010-06-24,412.5,417.8,411.6,412.55,412.55,84525,147.0,2144175,0
2010-06-14,NATIONALUM,2010-06-24,408.7,414.2,408.0,413.05,413.05,74175,129.0,2144175,-2300
2010-06-11,NATIONALUM,2010-06-24,409.8,411.2,405.6,406.5,406.5,44275,77.0,2146475,4025
2010-06-10,NATIONALUM,2010-06-24,407.45,410.95,405.0,408.6,408.6,84525,147.0,2142450,0
2010-06-09,NATIONALUM,2010-06-24,403.5,409.5,402.65,406.05,406.05,117300,204.0,2142450,7475
2010-06-08,NATIONALUM,2010-06-24,408.25,408.25,400.5,402.3,402.3,225975,393.0,2134975,85675
2010-06-07,NATIONALUM,2010-06-24,405.0,410.5,403.0,406.25,406.25,266800,464.0,2049300,113275
2010-06-04,NATIONALUM,2010-06-24,413.0,415.0,410.85,413.95,413.95,45425,79.0,1936025,-8050
2010-06-03,NATIONALUM,2010-06-24,421.0,423.0,411.9,414.85,414.85,108675,189.0,1944075,-9200
2010-06-02,NATIONALUM,2010-06-24,410.0,417.5,403.0,416.9,416.9,458275,797.0,1953275,142025
2010-06-01,NATIONALUM,2010-06-24,405.0,412.9,403.0,407.9,407.9,264500,460.0,1811250,24150
2010-05-31,NATIONALUM,2010-06-24,400.0,407.4,395.6,404.7,404.7,129375,225.0,1787100,17250
2010-05-28,NATIONALUM,2010-06-24,392.5,403.0,391.05,399.05,399.05,98325,171.0,1769850,4025
2010-05-27,NATIONALUM,2010-05-27,405.5,407.0,400.0,404.05,404.25,851000,1480.0,353625,-627325
2010-05-26,NATIONALUM,2010-05-27,396.0,409.0,394.25,407.55,407.55,886650,1542.0,980950,-515775
2010-05-25,NATIONALUM,2010-05-27,393.1,399.4,389.0,391.5,391.5,587650,1022.0,1496725,-361100
2010-05-24,NATIONALUM,2010-05-27,395.0,405.85,395.0,396.8,396.8,334650,582.0,1857825,-62675
2010-05-21,NATIONALUM,2010-05-27,385.0,394.0,375.5,391.9,391.9,168475,293.0,1920500,-50025
2010-05-20,NATIONALUM,2010-05-27,389.75,392.15,385.2,391.1,391.1,387550,674.0,1970525,-120175
2010-05-19,NATIONALUM,2010-05-27,395.0,395.0,383.15,385.0,385.0,200100,348.0,2090700,6900
2010-05-18,NATIONALUM,2010-05-27,404.75,404.75,397.5,398.9,398.9,238625,415.0,2083800,-87975
2010-05-17,NATIONALUM,2010-05-27,393.0,404.8,390.15,403.4,403.4,347875,605.0,2171775,-575
2010-05-14,NATIONALUM,2010-05-27,400.9,400.9,393.05,396.05,396.05,196075,341.0,2172350,17250
2010-05-13,NATIONALUM,2010-05-27,396.2,399.4,396.2,398.35,398.35,328325,571.0,2155100,89700
2010-05-12,NATIONALUM,2010-05-27,399.0,399.0,391.4,397.1,397.1,175950,306.0,2065400,63825
2010-05-11,NATIONALUM,2010-05-27,394.8,401.9,393.05,398.2,398.2,268525,467.0,2001575,116725
2010-05-10,NATIONALUM,2010-05-27,384.0,399.8,384.0,396.85,396.85,173075,301.0,1884850,-6325
2010-05-07,NATIONALUM,2010-05-27,375.0,384.4,370.15,379.0,379.0,101775,177.0,1891175,-2875
2010-05-06,NATIONALUM,2010-05-27,392.0,392.85,381.5,385.4,385.4,113275,197.0,1894050,12075
2010-05-05,NATIONALUM,2010-05-27,378.0,394.4,378.0,391.95,391.95,143175,249.0,1881975,-5750
2010-05-04,NATIONALUM,2010-05-27,400.0,400.0,386.1,389.95,389.95,254725,443.0,1887725,39100
2010-05-03,NATIONALUM,2010-05-27,397.5,402.0,394.1,398.05,398.05,186875,325.0,1848625,14375
2010-04-30,NATIONALUM,2010-05-27,397.5,402.5,395.05,397.05,397.05,178250,310.0,1834250,-6325
2010-04-29,NATIONALUM,2010-04-29,408.0,417.8,407.0,407.75,407.55,680225,1183.0,431250,-329475
2010-04-28,NATIONALUM,2010-04-29,405.0,409.8,400.0,406.8,406.8,621000,1080.0,760725,-288075
2010-04-27,NATIONALUM,2010-04-29,409.1,418.95,409.1,413.9,413.9,610650,1062.0,1048800,-214475
2010-04-26,NATIONALUM,2010-04-29,414.3,421.4,408.25,415.85,415.85,700925,1219.0,1263275,-120750
2010-04-23,NATIONALUM,2010-04-29,409.5,412.0,405.4,408.2,408.2,514050,894.0,1384025,-384675
2010-04-22,NATIONALUM,2010-04-29,410.25,415.6,407.3,409.95,409.95,236325,411.0,1768700,-43700
2010-04-21,NATIONALUM,2010-04-29,410.0,417.0,404.25,412.55,412.55,479550,834.0,1812400,-136275
2010-04-20,NATIONALUM,2010-04-29,397.8,409.4,395.0,408.0,408.0,548550,954.0,1948675,-156400
2010-04-19,NATIONALUM,2010-04-29,394.5,414.0,391.0,396.6,396.6,914250,1590.0,2105075,115000
2010-04-16,NATIONALUM,2010-04-29,407.0,407.0,401.2,404.55,404.55,212750,370.0,1990075,15525
2010-04-15,NATIONALUM,2010-04-29,416.4,419.4,404.2,406.9,406.9,410550,714.0,1974550,-11500
2010-04-13,NATIONALUM,2010-04-29,405.0,416.45,401.2,413.85,413.85,710125,1235.0,1986050,10350
2010-04-12,NATIONALUM,2010-04-29,409.0,409.0,401.2,403.5,403.5,182850,318.0,1975700,-7475
2010-04-09,NATIONALUM,2010-04-29,398.55,409.85,397.0,407.85,407.85,543950,946.0,1983175,35650
2010-04-08,NATIONALUM,2010-04-29,403.0,406.65,393.15,396.9,396.9,205850,358.0,1947525,-12075
2010-04-07,NATIONALUM,2010-04-29,405.8,409.8,401.0,403.4,403.4,354775,617.0,1959600,-17825
2010-04-06,NATIONALUM,2010-04-29,408.5,409.5,402.0,403.55,403.55,255300,444.0,1977425,-1150
2010-04-05,NATIONALUM,2010-04-29,405.4,410.4,402.45,405.9,405.9,579600,1008.0,1978575,77050
2010-04-01,NATIONALUM,2010-04-29,404.95,406.6,401.1,402.0,402.0,224825,391.0,1901525,28175
2010-03-31,NATIONALUM,2010-04-29,406.4,414.75,401.0,402.05,402.05,565225,983.0,1873350,31050
2010-03-30,NATIONALUM,2010-04-29,397.7,408.9,396.1,403.9,403.9,603750,1050.0,1842300,52325
2010-03-29,NATIONALUM,2010-04-29,385.25,396.45,385.25,393.75,393.75,255875,445.0,1789975,-13800
2010-03-26,NATIONALUM,2010-04-29,388.5,388.7,383.0,386.15,386.15,163875,285.0,1803775,1150
2010-03-25,NATIONALUM,2010-03-25,396.7,396.7,391.1,391.75,391.65,680800,1184.0,192050,-293825
2010-03-23,NATIONALUM,2010-03-25,399.7,401.5,392.1,393.55,393.55,783725,1363.0,485875,-282900
2010-03-22,NATIONALUM,2010-03-25,393.0,398.45,388.1,396.75,396.75,703800,1224.0,768775,-304175
2010-03-19,NATIONALUM,2010-03-25,397.5,400.8,394.0,396.25,396.25,605475,1053.0,1072950,-301300
2010-03-18,NATIONALUM,2010-03-25,395.05,400.0,394.1,397.35,397.35,1054550,1834.0,1374250,-446775
2010-03-17,NATIONALUM,2010-03-25,392.0,399.15,391.1,394.5,394.5,565800,984.0,1821025,-10350
2010-03-16,NATIONALUM,2010-03-25,391.4,393.8,386.6,390.0,390.0,376050,654.0,1831375,41975
2010-03-15,NATIONALUM,2010-03-25,393.0,407.65,385.2,388.25,388.25,1112625,1935.0,1789400,58075
2010-03-12,NATIONALUM,2010-03-25,387.75,394.5,382.5,391.0,391.0,329475,573.0,1731325,49450
2010-03-11,NATIONALUM,2010-03-25,394.0,394.0,385.95,387.65,387.65,198375,345.0,1681875,33350
2010-03-10,NATIONALUM,2010-03-25,389.7,395.0,388.6,392.3,392.3,138000,240.0,1648525,7475
2010-03-09,NATIONALUM,2010-03-25,394.05,394.35,386.85,387.95,387.95,166175,289.0,1641050,-14375
2010-03-08,NATIONALUM,2010-03-25,401.4,403.65,395.55,397.05,397.05,172500,300.0,1655425,5175
2010-03-05,NATIONALUM,2010-03-25,401.8,404.15,395.0,397.6,397.6,221375,385.0,1650250,-6900
2010-03-04,NATIONALUM,2010-03-25,397.7,406.0,392.0,399.35,399.35,430100,748.0,1657150,8050
2010-03-03,NATIONALUM,2010-03-25,393.0,403.75,392.0,399.8,399.8,481275,837.0,1649100,-3450
2010-03-02,NATIONALUM,2010-03-25,384.4,391.85,382.6,390.6,390.6,376050,654.0,1652550,20700
2010-02-26,NATIONALUM,2010-03-25,367.0,383.9,365.35,381.4,381.4,439875,765.0,1631850,-17825
2010-02-25,NATIONALUM,2010-02-25,375.0,381.85,368.0,369.65,369.8,925175,1609.0,183425,-338675
2010-02-24,NATIONALUM,2010-02-25,368.3,380.7,366.55,376.4,376.4,1065475,1853.0,522100,-376625
2010-02-23,NATIONALUM,2010-02-25,367.5,375.4,367.0,369.6,369.6,1369075,2381.0,898725,-597425
2010-02-22,NATIONALUM,2010-02-25,371.0,379.75,367.8,368.9,368.9,631925,1099.0,1496150,-237475
2010-02-19,NATIONALUM,2010-02-25,365.1,370.35,362.1,366.0,366.0,288075,501.0,1733625,-112125
2010-02-18,NATIONALUM,2010-02-25,377.0,379.25,371.0,373.95,373.95,234600,408.0,1845750,-5750
2010-02-17,NATIONALUM,2010-02-25,383.0,387.0,375.55,377.65,377.65,428375,745.0,1851500,-21850
2010-02-16,NATIONALUM,2010-02-25,363.0,381.9,359.0,379.4,379.4,621000,1080.0,1873350,27025
2010-02-15,NATIONALUM,2010-02-25,368.0,369.4,361.4,362.55,362.55,162725,283.0,1846325,-5175
2010-02-11,NATIONALUM,2010-02-25,362.7,368.9,361.0,364.45,364.45,245525,427.0,1851500,-5175
2010-02-10,NATIONALUM,2010-02-25,359.7,367.95,357.5,358.5,358.5,489900,852.0,1856675,-67275
2010-02-09,NATIONALUM,2010-02-25,360.1,364.0,354.45,356.2,356.2,455975,793.0,1923950,67850
2010-02-08,NATIONALUM,2010-02-25,364.0,369.6,357.8,359.8,359.8,280025,487.0,1856100,-28750
2010-02-06,NATIONALUM,2010-02-25,363.0,366.15,360.15,364.95,364.95,51175,89.0,1884850,4025
2010-02-05,NATIONALUM,2010-02-25,356.1,363.9,354.0,359.95,359.95,340400,592.0,1880825,-31050
2010-02-04,NATIONALUM,2010-02-25,389.0,389.0,371.5,373.6,373.6,261625,455.0,1911875,-18975
2010-02-03,NATIONALUM,2010-02-25,383.4,393.5,383.4,391.15,391.15,434125,755.0,1930850,-10925
2010-02-02,NATIONALUM,2010-02-25,395.2,401.9,376.2,379.05,379.05,634225,1103.0,1941775,-77050
2010-02-01,NATIONALUM,2010-02-25,375.0,393.4,371.65,390.15,390.15,691150,1202.0,2018825,-11500
2010-01-29,NATIONALUM,2010-02-25,373.0,385.4,366.3,378.4,378.4,788325,1371.0,2030325,-21275
2010-01-28,NATIONALUM,2010-01-28,404.0,404.0,379.0,382.65,382.75,1637025,2847.0,443325,-648600
2010-01-27,NATIONALUM,2010-01-28,400.0,420.5,398.0,404.45,404.45,1497875,2605.0,1091925,-524975
2010-01-25,NATIONALUM,2010-01-28,419.0,437.6,412.6,417.45,417.45,1750875,3045.0,1616900,-317975
2010-01-22,NATIONALUM,2010-01-28,428.0,428.0,408.0,419.35,419.35,1248325,2171.0,1934875,-150650
2010-01-21,NATIONALUM,2010-01-28,453.95,457.3,435.3,437.9,437.9,602600,1048.0,2085525,-83950
2010-01-20,NATIONALUM,2010-01-28,461.0,464.85,452.25,455.45,455.45,623875,1085.0,2169475,37375
2010-01-19,NATIONALUM,2010-01-28,468.0,474.4,455.9,458.5,458.5,872850,1518.0,2132100,37950
2010-01-18,NATIONALUM,2010-01-28,454.4,474.6,454.0,466.15,466.15,997050,1734.0,2094150,28175
2010-01-15,NATIONALUM,2010-01-28,453.75,464.75,453.0,459.8,459.8,883200,1536.0,2065975,18975
2010-01-14,NATIONALUM,2010-01-28,463.9,469.0,450.1,452.35,452.35,994175,1729.0,2047000,190325
2010-01-13,NATIONALUM,2010-01-28,463.0,470.0,454.5,461.0,461.0,1156900,2012.0,1856675,152375
2010-01-12,NATIONALUM,2010-01-28,477.4,477.4,466.15,469.45,469.45,738875,1285.0,1704300,-90850
2010-01-11,NATIONALUM,2010-01-28,474.0,482.0,470.8,474.9,474.9,1083300,1884.0,1795150,1725
2010-01-08,NATIONALUM,2010-01-28,478.0,488.0,466.6,470.65,470.65,2009050,3494.0,1793425,47150
2010-01-07,NATIONALUM,2010-01-28,474.0,482.8,467.6,474.7,474.7,2300575,4001.0,1746275,151800
2010-01-06,NATIONALUM,2010-01-28,500.0,509.0,472.15,474.8,474.8,4234875,7365.0,1594475,147200
2010-01-05,NATIONALUM,2010-01-28,443.75,526.45,440.2,496.4,496.4,9815825,17071.0,1447275,224825
2010-01-04,NATIONALUM,2010-01-28,420.95,443.05,414.0,439.75,439.75,1441525,2507.0,1222450,62100
